17.6677700291902
4.86217332036812
-3.96153244445791
-1.48606330019203
19.5388740597698
7.03492346633185
13.8738902536207
13.5900678834005
0.234546411678197
16.8343848268592
11.5850261546299
17.2604705783295
16.0693860198357
13.3931181504280
12.4254343924827
11.7058597860617
-3.21424804163731
5.43838029281510
12.4901433616606
10.5769671622926
-2.36217056241104
14.6257171932749
3.96994870380373
-1.05843906870691
16.2185465952288
-1.88396136330436
2.88649925851324
0.298945462427125
-1.44293178085991
5.11735613881447
-1.95116380375254
16.2012204357617
14.1718622663509
3.25769816274014
1.52568583600306
-0.877884824444022
4.88861042542072
-4.10340345400814
-1.26770913521009
-2.29408023171100
14.5831687479684
0.381548634961089
-0.955063376225589
13.5125697192441
-3.74876589722307
4.10487471601649
19.1709825052325
4.18733102457894
-4.89953437677648
-4.69201826218269
12.2239358353420
-2.81679339498582
-2.90048984320060
15.4787262472089
13.6117529284835
3.16041125266339
11.8556894232315
14.2480996000064
10.0782000012699
-3.81176822788970
15.6504377884570
11.8836394840253
-2.40870411387528
13.4442561344247
9.89636740017770
-3.23537978773528
4.50797465090595
-1.94978017663332
5.12749227834159
-2.44859904549947
-2.39299315244914
3.71434902840467
3.02079369483270
3.46644289068401
4.96422942263163
13.9599442967149
-3.19724537684621
13.7335650409845
5.35138576842666
-2.88354354608120
-3.27188936545690
6.52599969211831
14.6150703184765
3.13453196944520
-0.812875907557049
1.67013284419492
4.33351083306581
14.9033588378565
-1.72446635620709
-0.706967582664617
4.45502955644434
3.66511306103595
-0.441364019742566
5.26065870912090
13.8642688929146
-2.32640952521479
-1.96543156336234
-0.760905814682607
14.9338288713694
-1.06221446436856
-3.54465131534993
14.6141238382934
-1.22713049671273
-3.41222865643315
-2.21908195149729
5.68210359466318
3.51618494988988
2.82578766854318
-2.41110534489890
13.5019505149726
5.60345729812004
13.5407470980736
3.55537218355301
-1.58589761910270
-1.33486713064386
11.4986421863472
3.25889390605959
-2.48086325990036
-6.54376601210622
-0.136327390413892
4.93372816267124
13.9419884725825
-4.34758402122609
0.405919525904320
-1.93793957976558
3.96918626998768
-1.36041866388658
-2.35468187563578
9.48329205900762
14.6751274012262
10.6716710500259
-2.41709624564796
10.6595986042991
11.5743056006511
13.9912580778333
14.6541199343542
16.0121542216381
-1.61441576384905
2.67821147860744
14.0000996981505
-0.633309101519210
-1.47469823918820
15.8595789171154
-3.03554165466684
5.19210187053127
3.97553806336408
5.02049801445265
14.0023241669670
-5.72942588105492
9.61513016006819
4.07993371029844
4.41149062142337
15.7154650904107
4.44937762316685
-0.760895002295115
-0.653167361022386
-2.22080218422690
9.75268907516850
2.72940555019134
-1.02698110692707
11.9701127146397
-1.79446268880492
-1.54727216710849
-3.39494233841019
-5.19814189874230
12.7418184780117
3.74605531657719
3.97914238229840
1.26666806377623
9.00622699363100
11.2037242483779
-1.75339389002191
13.4539061011942
13.0381256964423
15.3294682412552
-0.678570821928428
12.4317076326718
5.85859294855571
4.10335972231065
14.2271939934680
3.53228541754814
0.218437737256045
4.78466846728782
-2.35079006319373
3.71585904537384
-4.20409261172954
-3.23343991443526
-1.49567998856864
-2.43238454180854
-4.75378871375646
18.8489222898787
13.3684560099812
-3.55397716777009
15.8814088067043
12.2482514760867
-2.83744142727636
-2.85501487496328
3.09125441312567
-4.54829612625892
-2.17669743390194
14.5392972834332
-4.22468153377385
3.55300498925547
-0.306895321957576
-0.107673922788277
16.3482335029874
-2.98522389342212
4.15548899590389
13.4148237383312
3.69135818471989
3.50699018468355
-1.93123834142944
-1.08299720890215
0.721023175420563
0.706740657586281
4.52654703774956
-1.09978623678706
9.62795677450353
-4.16152039645837
16.9404025616970
-0.781515493038806
11.8967353809583
-3.12784210802284
13.9348669816110
13.1498830187799
13.8744175485634
3.01786847422095
13.8902277400226
3.37362146113286
-3.48952850982440
12.7185809865479
11.8402674985223
10.9579468764621
-2.88987547251621
-0.586800021144586
-2.55960598794651
-0.801669511764926
15.1424952594290
12.0260762332970
12.6855974018033
4.17694682232941
-2.19773052937384
16.0936655686105
-1.50848275413920
-1.65560466016953
12.7662681422215
-1.09834695129756
0.594762087358546
-3.10558965754671
4.91048257964711
-2.11983925858706
-1.72444486536313
-1.83058292446842
14.2033248874007
11.6666699396107
2.85931885533037
3.56639070352518
-2.32780034003987
14.7785324076865
17.5565117985820
11.4334877907905
4.90193146695171
4.06675691143687
1.34075211725181
-2.76098459692175
14.4916097037877
-2.91287076511992
4.31650036079772
-3.54827651610826
13.1621936099403
-0.650266506654165
-0.455951431845351
-0.480797203605530
13.5739698347179
2.95689169866237
-2.65721203340322
4.98354523520556
-0.284481633843564
-0.541151407987020
-1.73513330803653
13.1720554500515
6.00339061086227
13.1359923125444
13.2798473976921
16.8316981368732
5.02885306900203
14.0949426465497
14.3107750284024
1.80650572116539
-0.929685046153912
14.8272207805863
-1.78399729789330
3.23991000136473
4.51972888813362
-3.73329405243086
-3.03471580644756
4.86414942116513
-1.40245573075101
14.3605153879741
15.3659285522239
14.9517211745567
14.0452169686192
0.552001981412439
3.99714503985568
14.2996174652655
16.0682430791394
-3.16654780746741
11.2347576810393
-0.787341795248463
15.7593543284670
15.8478648973779
-1.03750774036733
-3.97208525523033
5.22468782478534
-1.12636508382805
4.06451674231110
-4.04227243229685
-2.27276482768900
3.96246681118083
1.87202323181733
3.00946777951582
2.27457221047131
-4.39127558040021
-0.819399985463030
-1.86033685991179
-4.22401416658851
-0.558762182476828
13.1395875151478
4.16634749246007
-2.34042569705935
6.02433259954387
3.49002795420006
3.36387175033996
-1.79292803832571
4.77700352671979
15.2947617690321
5.04858076053644
19.0175449463702
16.3138433066548
-3.93257900441044
-3.13668787474823
4.55513856000185
-3.34266970322365
-2.24133015010766
-3.42895399567997
14.1560401619562
13.5736590271568
-3.75703372688044
4.31050831860050
-1.24438391639401
5.90851233035822
-0.429450099653099
13.4392242315482
-2.24375291232274
15.1115135428242
2.46730698607049
-4.12365998235191
-2.61687638829833
2.63903687060631
14.8788222231074
-0.468229822978724
4.41470029304763
14.6985088333274
4.32684024876299
-3.34466922575373
5.03781563948524
3.82708615574083
3.70287320000460
5.53834705143665
2.57356384052028
-2.31990078246104
5.94439779196629
-2.37504841705257
3.52261733630593
4.03029902378818
14.8085069302187
2.36945710725275
18.1000854658757
-3.48485240633178
12.8146875636615
-0.670433934390959
2.04324604576808
14.8014759962939
-1.25497341254520
15.9408955767091
-0.785041890022193
-2.75831385277307
4.64697093888115
-1.93034820996827
2.44948552522044
-2.09320868720654
15.6034081406546
12.5022464949137
2.73091322713151
19.5781622552878
12.4538717956955
11.7433393798328
4.71744231550736
-1.52602117893709
14.8022492714637
10.7883955907585
18.2770045076570
10.9182456362842
-2.74994783266901
14.8240707562235
13.2724384982380
3.41041100858197
10.2939838571608
-1.59443269596513
4.47722728500767
-3.40745193240323
13.4636342361732
-3.06698406578921
-4.76919385414789
-2.81532218241858
4.65269859099524
-1.18905036527833
13.6862591705459
15.2790346062217
-1.18869478435410
5.11042384067016
2.17116406579616
13.8745464119175
13.2734830550647
-6.60948280893060
13.4266309335776
-1.39159194103918
3.27055476201722
15.1957292657630
1.79673575783010
4.21399647871646
14.1874509813338
4.30615781856822
3.03903343646233
2.77060635100084
3.10004993265719
-2.69363231653062
3.49646101586813
15.2206104351479
-4.20042009564237
2.03524758460911
15.9447496224072
-3.46136068902042
4.54763950448047
10.6133126773584
-2.12643810913013
4.84124566635258
0.868271257545791
-1.38622687617897
3.37513622436327
4.39257528129754
12.8127164763192
12.9912750389484
-0.205624188766451
-3.55526509561513
-2.25481145606609
-3.29872281160991
-0.100207286641027
-2.30685507599470
3.22548689523925
-2.57935197647547
17.0465385507812
13.7662314660604
4.81751628323722
15.5305023200313
11.0393896531627
13.8169219562635
3.30640455685650
12.3805247784685
4.21468644813178
14.0511088668246
12.1235055787444
14.2499763476900
12.0958635531970
14.7782914690355
4.03974012698925
-1.83612808750150
-2.28485248197301
3.67670807858060
4.72379825018635
17.4893463593381
6.37741185238417
14.3370150004349
-3.04798140605781
12.6107894915544
4.88361713672083
15.7934947261089
-2.60134570327376
-0.805448605649148
-0.220011435700427
14.5754429893473
-1.45157421879062
13.7751266749760
5.91510229545678
-2.97186743463747
12.7340701983012
14.5884073688934
-3.59739514413506
3.57708046410157
4.64775524497173
0.653487353779861
14.3280206338149
5.15216580794839
-0.989451955187334
3.59967729936534
4.57562901658315
2.93643879711533
13.1531423243270
13.2962215161078
-5.84667403418163
17.7071218849877
15.8217931589170
-1.72850288031134
-1.85541067319042
-2.52837827849339
-2.72098012922152
19.0766986827780
4.12834026334331
5.30250820960714
10.6749140592838
11.8306030955248
16.1978584049695
1.44349871951926
14.2766354496311
3.63500700662652
3.23524663547886
4.07818889508335
12.5683052137324
-0.250287493225976
14.9710819741159
15.7414520421674
-1.35666045934551
3.10013148000047
14.1349071816571
-1.56240881749641
14.7858691397551
-1.58032256527648
-3.16169936590912
16.8178139019870
0.891637644717537
-2.36562554372969
3.20766313489295
-1.46914181864536
15.0549405022838
4.99387005962180
16.6836930440919
3.83244067783030
15.4345074509803
2.99413104825592
13.7668573426823
-3.44096720707872
4.76120028186683
17.2641144318418
2.66314759527977
3.95833692570355
5.31415480877585
2.25765077940239
-0.210604402211418
-3.89845463335696
-4.45467001738084
-0.757419101013361
-4.86386735189409
-2.45304844766955
15.8297035056821
-0.0359568832558701
3.65173318966473
17.0047658571656
14.9815045438067
-0.882650524363583
4.57452073164943
-0.291040596454242
-1.04579016289555
12.2032457717985
0.395880866916356
-2.46293740182054
-2.41265124585150
13.7304697465543
-1.30881586248918
13.4048620202033
14.9037491347614
9.94327607829447
-1.64601019743208
-3.91393274511233
15.2254030074145
-1.40702581644730
3.50231162179578
-3.03174370314179
18.7304494851978
-1.02882768994885
5.33955459790412
4.20871560127220
-1.23197653439532
-2.06598293940005
12.7399076129453
2.02453826615760
4.55299874546627
5.03063958408679
-1.02181278309510
-1.63221260941397
9.44979691530520
4.41546893697876
3.70365168459340
3.09516555267230
-3.08869724907344
3.57815321955803
5.34188371725795
5.81794268764347
-4.17761107987607
-0.598248556556650
14.3204545534973
15.2658111540825
3.41829027453282
3.55089692015058
15.4348828188896
14.3334553266994
5.68939930742667
12.8347380713055
-0.830822790706401
15.3927338457666
-2.05823555139208
-3.18448395982452
14.0126633682592
-3.28240045047256
3.90903274880637
-0.207764272048803
15.0810288583242
3.03230619229274
-2.52181695962766
16.6823076377598
-0.687296597012470
14.6419704439062
16.1248666182174
-0.684795197051025
-2.62233823965151
-1.94566599793382
0.656529350527408
19.4607551697361
-1.15355667209751
19.4584602464208
12.4194830428042
11.3601945952826
-1.59219961759613
16.8742830495796
-0.614103027310209
-1.00831267077437
14.3135192196343
-2.75005216620477
16.6745774540845
14.1080915688752
-2.94906011070499
13.8491025516258
6.18424078685721
15.4326856085545
-1.34902008015165
11.8155109653167
-2.60738266482378
11.9860742717696
17.5697494232428
-2.01304494724061
16.4065039773705
-1.40443086155439
-2.34724579172918
17.3657010726641
11.5879414915022
13.8157585030005
-2.32878299456996
-2.48120648763362
-2.54744379190860
-1.73849046684278
-2.22891721943693
-1.31257669175031
15.2401801031165
-1.10297642862317
2.21926282487295
2.28640470117762
-2.92943872224788
4.04065717363218
3.36948496717152
-0.826497544251720
14.6048148330754
14.2741325048379
-2.86120094359057
-2.07579691628834
5.28161316360944
3.74264237641804
12.8584713820005
-0.512839341762124
15.5536835964140
3.43562330886957
14.7893510631366
-1.34462205795775
14.3075414821815
3.81983690287672
-0.654882068099237
-1.17872046915581
13.2754656892729
-1.67494167421943
4.17887037298626
13.7796441285819
15.1209812279923
-2.23091808449870
-1.63831931783138
13.4161802004302
17.5105772634889
15.6505288828597
3.46579582101531
-2.15097192360809
2.48557684769788
12.4837450480822
9.55602678957941
14.0012522308142
4.40432482613468
4.85978319573296
-4.45908109054679
3.71617007369720
3.93989031458900
14.3623385790918
-0.968369518587852
5.42536573618701
4.03776469995419
4.14955648246056
5.52389489453652
18.0198549890434
14.0229613311091
-4.60836258202169
-1.67126135962468
12.0980346920602
14.1428596197748
4.77416184359611
-2.35265829638489
15.2184788048824
-1.58381379263294
-1.73961042284386
12.7929639380234
4.36064889749370
13.3863563386944
3.76145449201894
-2.49101678253246
13.7399902177153
-2.66565036515753
3.14047883377796
3.48401409963808
-3.06073788614138
-3.80066075570066
-1.48944415371595
5.11392258598057
3.60820534097457
3.65537283182812
2.90501952848205
3.25929327239075
1.93513996351930
1.00021354988951
13.0156448282330
-2.69862050875258
-3.37815446623944
3.96355685698969
2.09756568220573
13.5333085724843
16.3849371986763
4.41314852994993
14.1661286903285
-2.79191377144926
12.3001166958520
-0.911993643308019
13.2272116610055
-1.38788915806216
15.9359657822956
-2.95160980338321
13.8415324920968
11.1835750201335
-0.0654209075894463
3.37517504765337
3.72127508619381
-1.79488825508558
4.08253792272426
-2.55309239623860
3.71752495859176
20.8150647327729
15.5745150660282
3.41540689871876
4.53530104584448
-1.83728737477943
-3.38877262983769
-0.291275763573830
14.3620642986203
15.1684912118512
4.01877435206098
-5.05104089774659
3.68011438113884
13.5414143814620
12.2040409105544
4.09391675648897
-0.241115104340973
13.2566079092983
4.42714764673528
15.9072960524278
3.96664368195236
-1.21550819849460
15.3487913151877
13.3748405610721
-5.37934735232653
5.20196562169025
-1.50866143993338
12.2221820842776
3.50728069574528
13.5904715033927
-4.35941988118758
-2.33171819932358
3.73802782694458
4.54923348982753
4.14461465145610
12.3023416804842
-1.56232060346931
3.98635681143294
-3.40572439304241
16.1890769218193
14.0302256770881
-1.25773887886649
5.59078797675859
-1.60277211235460
1.82368996166375
-1.45200741135223
15.4804944411588
12.9160256337734
-0.556581000844910
0.837633983895451
3.62376285601133
-4.93090055091280
14.1555889248006
-0.807938285843803
15.6043692960551
-2.06988856148989
11.4863988736314
3.57303731223647
0.686395388440906
13.1149985183506
0.300694406989166
14.3348781549701
-4.11898082477271
14.5794379684371
12.1825887673622
-2.98106950278744
12.8976187781281
-2.52173047738961
14.8568723460476
3.36731212333692
4.50570700945875
-4.45311878403217
3.95960127895750
14.3376051509773
2.44819760585830
13.7092540191532
-0.0256938314557957
-1.79683794217161
15.6397592919274
-1.46402211772232
10.9740460129436
-2.34465160019603
-3.24797392309015
18.6312522066890
4.54095956928198
5.97656605832667
13.7241888844441
13.9888344331102
13.6288197831257
4.24644951639911
11.6067565708746
-0.492757754836254
4.62544577946080
14.4269673670454
3.99286534747126
-0.597123188913921
13.2995346665296
13.8983338070368
3.56158006530307
14.3904318704767
14.1384436420785
10.6687137642370
3.91577539352911
0.184220800713022
-2.17231587787898
-0.872757714544849
4.45081358452442
3.92120407633757
-2.97929225872432
11.7498419140293
-4.27378814157346
3.84847832169670
13.6361274276893
-3.57010110482505
13.5011731569508
14.7239602758406
-0.376783322125165
13.7771120714223
17.5625900430072
-2.38352129805483
-1.47236487000935
13.4888190153844
16.0971946257272
-1.77005347275802
-3.75920128746326
2.75571201289360
-4.42237072025240
15.4785622646194
2.98458550301660
3.89280812187260
3.54010545787363
13.6722394864865
-3.50238868397695
2.64844365747800
-2.67831140746780
16.4744732957595
13.9303177527925
2.77598102519121
-0.560789748896941
-2.25997749647624
-0.704120945618457
4.19995195861504
-2.22669860440728
13.2716196238328
4.27601130526878
-2.32626000557787
10.9639548642284
0.927834266027989
-3.48653543971333
-0.486102106461554
-2.66064918651619
3.75962916074618
10.9674926979473
-0.826410702185400
4.66936513082302
12.2357275535461
4.43313939884596
15.1578759716438
11.6357459321092
12.8399806362321
-4.33384472278817
14.3501166038024
17.0220163485579
4.64301839316137
-0.628610412485944
15.6409429229326
3.87351477889479
2.73779210939553
18.6412706427070
-1.68225264982957
12.9444460783676
13.6847386343750
4.87083815471791
2.15574710408444
-3.42636669126981
-2.24292375545388
-2.33417301190327
-3.75279634074566
1.90052130037434
-1.00357736336145
4.50132753430847
15.9815019730640
12.6223176341637
-1.92741497351038
0.179112941484753
14.1902728379394
-1.23378828523757
3.87498322405135
-1.84162040109958
15.4849560821913
12.1705715098891
-3.47502173030128
14.6513952644793
16.1984589669840
12.9898532254572
4.14158553446084
1.94843857816875
-4.32679480229145
15.8038799437180
-2.56761163775233
14.2472969225291
16.6982321085827
-1.74738301861750
-1.39890363865537
15.8000894092593
4.50462078686648
3.62344504801290
14.5964112829939
-1.08990118169830
12.7530125513666
2.83775902095494
-3.00681640981092
9.82845982447591
-3.16763202500041
12.2888714087279
-3.40637865320317
3.73986056960894
-2.78721949098487
15.1002784990443
13.4454024109388
9.80152229801926
-1.44280181501435
4.69534832615125
16.0672112971733
-1.09839615817812
-3.64276768535355
-1.72017444214804
12.4189625262069
2.46171080590297
5.92030299011263
12.8843936707518
-2.32274186975434
0.0484614375887138
6.02372886496699
12.9021961535404
-1.55062938905011
16.4015658350968
13.2825935493081
-0.899393714336282
-0.295503072967635
-1.29247570483584
0.0877822525702103
4.00074740619173
-5.51285779086752
19.6184637071302
-1.56945177965991
4.38431777671226
-2.15266734131825
12.3055402347003
-2.11386969255282
0.158964499205230
12.0435967798995
4.52047566951604
0.989277911865069
15.1180377826590
13.3232067573514
-0.308836480944058
0.892201154455228
13.7797775260012
-0.355107959977494
3.91453744871150
13.0521579601295
15.6363231517340
15.0520239944241
3.14747205743548
-1.61333763293839
16.8126298178505
14.1656611245510
0.794739449695360
-4.31900386073932
14.2059084399749
4.49306215669375
-4.02203755395628
3.63619104535263
4.44015025271405
3.79176455565003
0.714611234012285
-0.160686522244895
-0.637107718463429
5.25755551743135
9.84637702967380
-2.97812328721362
-3.27533869146102
-1.10435940424084
-2.17751976661263
4.05756364172883
-3.91854033766947
-2.31452042475830
-0.511501566513539
16.6115675431163
3.13542531242176
0.0748208733521585
13.7483756388879
-4.28096948841929
14.0456885801122
3.66542183590025
4.42998959695220
0.446863628934214
4.97050668196924
-1.87609461326259
16.3869677240104
5.31890220931255
2.92588509822667
4.73646218157546
4.33471511952614
-1.76881971869841
11.6543086230877
14.2270405602204
12.0329764389623
-0.683600941107909
13.8313031784264
2.90317929014067
-0.808631223919516
12.7747399515592
14.1446952167187
13.1686070668086
4.68525242793293
17.6444230568621
-4.44195009949338
14.5282734838305
-2.83876378855283
-0.258493571605168
14.4854953289691
-3.23225059827053
14.6927894490362
-2.27706935763197
-3.33056471574206
16.7844157417759
15.0078384853817
-1.69852719403049
3.38682843976593
3.16677067248804
-3.67301389401226
15.5906656073322
13.9591376147946
17.6061270214329
-2.26683513025127
8.98239277383823
1.64556630540607
-2.84049273672248
4.79295036359822
3.20060487399405
13.9971142022749
-1.81033875344799
11.4251681722785
-4.34985061054370
13.3788601825569
12.9250652806585
-0.418892042856540
2.13261181541281
4.84859211514014
-3.05368405484001
14.2755897314607
2.98085448516236
4.95488643030715
2.82810919585472
3.16356947554693
14.9546623573532
14.8315523812358
-3.42327984508576
12.3577434825622
2.92590836362174
15.9621028290505
3.85190404243296
12.7792307482143
14.5088590045008
-2.83611631281377
15.6985948808441
13.5204365910215
12.1862372431858
0.0946135422726973
-3.26575383623900
13.5061569188502
-3.20541722633054
-1.29947285936915
-1.51086446209510
11.1917683358583
-4.98679368413311
0.895773113128498
13.9861510973963
-1.20760132447795
14.0294812332049
12.3682900762876
3.25180859168525
-2.55914011695566
0.00585706469225178
3.50818240506843
-2.71116188079036
4.47837468311500
-3.23098863598636
3.29382706256343
-0.374026194703125
5.79975278578809
4.64773272643321
16.6461867536914
4.02431494971106
-2.90849162910107
-1.46203488173141
4.13235992819972
13.9848678491109
13.0749212743742
3.65421293309550
12.3969217119959
4.05321601745319
-1.57998879160076
-0.906321410647790
11.3487234109363
4.50243333306286
-3.40874069797799
14.0660238291101
-1.58909093067385
17.0489950114676
-4.59602526165942
12.1445278031074
12.8210226048282
12.3880438105715
4.95693956809938
4.68058496272415
13.7134649066559
1.08671595109628
-2.28530479617926
3.18653763561683
0.564288055785801
3.30993463672020
-0.928435474850583
4.62712209526315
3.86915184824033
4.53592246511016
12.6249004898385
14.3256846802485
14.2567761173272
13.7664577173909
-2.05697180733146
-0.677495191976461
-3.26185830408110
-0.217107994303591
-2.98792514376709
14.2024549891171
-3.10824174773768
4.15337174947240
-1.52162262139543
5.32183450188479
10.8667475017069
12.8248444068414
-1.67080641736853
1.13860024072915
13.3159253801960
4.41891270841030
4.67119104129094
-3.48697832725270
14.9490179404705
12.2147546886787
4.31332592752611
15.6562331046071
-2.35383829570508
0.946798767341712
14.1690739141523
-1.25037405388489
-1.64233154652721
15.8485458637918
16.7558685544092
10.2046704651106
3.07735876339327
3.64289994227731
-1.62436099281913
12.6276628637751
-0.809896161722188
-4.05680625524447
-1.69380193137803
-1.00465823098353
-2.31926466969737
-1.31272726571492
2.94505327772266
-1.80627820512201
13.9397529410114
-1.10549656135030
-0.789463376838332
-2.00943818781807
-3.38185742327468
3.03877932724786
13.5996220275674
14.6983126743108
15.8541439463234
3.67276085950578
14.5763711562610
13.9042193390725
4.44408331203163
4.04943464753872
14.6163575199623
-2.29582768331268
3.89692913022109
4.39327517604536
11.4047341786560
4.62101130766388
2.32059786164204
12.6914352789307
11.4154711642700
-1.63745718296727
-1.29854852365593
-2.34470743364994
4.48048117716683
4.42161554136937
9.50133620311199
12.7358792411362
17.1031841169813
4.17693835608697
13.5707465511099
14.6617702398460
16.1810284110892
3.56150085638931
13.8831932361070
14.8772908755204
-3.25651399278059
-0.808785926867518
-1.02627077561827
4.89595406000116
5.56668345394797
14.2203096725111
3.60246429743807
16.4155788721485
5.29514675428588
13.0093057012153
-2.98594533073401
5.47051910410640
12.9786060266507
-2.34471072149602
1.11766386006034
-2.69369892554284
-3.26895253925419
3.47826938556455
11.8763782502642
13.4544038535524
-4.14365892189300
4.41013754331199
-1.75754430594601
15.5905328546195
18.7206599298869
14.7954808522731
12.1906872715896
1.02743736506484
13.9157916403620
13.4717117279370
-2.58019721538703
-3.41559189264437
-2.86202715515921
14.4710534595434
13.7203389341151
-0.112629872062467
14.0658817120785
14.9514571167765
1.28800108634959
15.8145204306458
-2.80757300145061
0.733000082954491
3.36302253927677
-1.77758743708299
4.52906754795198
12.1197301532018
-3.82031725035810
14.7470248165798
-3.38818385226355
0.526419760077987
14.7065787587940
4.16612867589187
11.2371291939005
18.9308791700662
1.93335217978154
-0.861332839690763
-2.23770993596554
-3.59691170245233
5.58154982800312
-3.78141286748354
11.4052567974646
-0.888842691682051
-2.52420620558924
0.928560190695017
13.2013761390634
-2.42042441430985
13.4312497302655
4.24061888824691
-0.810147983288371
16.1742056370229
15.2651003402983
11.6799489255382
-4.54259698612320
14.0430624337105
-4.58152376513866
-2.38959844506384
2.84255799949001
3.74970041282560
3.81800938273049
13.2466514582652
4.30412243003020
13.1067840579243
2.56417935208831
4.60589459951488
-0.853157673515322
14.7515673775509
0.285207766911153
14.8519460322415
-3.86339451686182
4.32585131081521
-1.29772351383626
14.2000428752425
14.0476472751641
-2.01313689312808
13.8191353759301
3.51385000770041
15.9194444144996
12.1170727240876
14.4758408958248
-1.96289120113858
-1.78946130766986
12.6569025488904
4.96576664186646
0.121803786543389
3.40585918009258
16.8152152934193
15.9340009053787
4.20651223140111
14.0640490448380
11.4302105921674
15.3232875362338
-2.33836419608086
-1.85747320848207
1.46519710820878
-2.26010599103776
-2.91910747041967
15.2740481706675
-0.315099210214055
-2.14662155812130
3.38450099391821
15.5369908682820
0.556538708643291
-1.56493577040716
4.47527355694348
3.01172000682819
14.7024479490929
3.60187282847551
-1.66996182089701
2.79424475892664
3.63799059890587
-4.58167227105240
11.9890640104931
5.79055990344190
12.3614449646355
0.944505988588286
5.71750379274666
14.1110416674845
0.539723930569311
12.7344721266724
-3.31694234919135
0.297817143189708
12.4806657683774
12.6043945999498
10.4126009318685
-0.842819993063474
4.01788818182060
16.5153975328960
3.83012233379874
-2.17135023384618
-2.92792291780962
14.8533921046687
4.27595178044410
15.9862148738207
13.8700031514500
-1.66384359931540
3.66791311961273
16.8940510409893
18.1065411125230
4.02268757520163
0.421789502699259
13.3523195778186
15.2848869106002
-5.04121456270206
7.01691636528780
-4.32699721308655
0.0978362210729484
5.91717964312337
13.5070897797124
3.50409774184059
9.25893580163773
14.5589299636525
18.0950130841021
-3.47081343940229
15.7891655063744
-2.89020579398662
-3.69467351631692
-2.95688689151849
-0.548069717496883
0.0266447857325929
4.24026503907117
4.61871764468600
16.0469821627367
4.68172886731967
-1.49859000750897
-4.47647651449833
12.9858889001342
-1.74746930262654
14.0631318154277
11.3626781650816
-0.518927010474438
5.24402611998341
0.0989409984014968
-3.38370868302811
15.1760264081875
-3.54944622102481
14.6842178615431
3.09671418331518
13.9764674081026
3.11198468865041
4.69457835628344
-1.84763503750586
-3.44049063776996
13.2694546334250
-1.70751564203390
-2.78229520500240
18.2260369478705
-2.98262791012217
3.76110210832361
5.82575122802555
-3.74509368862300
-4.16527756123086
13.6370690663499
-1.45723708092172
12.3804559636562
3.89610376259828
4.42498141556926
4.85857508879240
11.7768764948949
-0.743206019228474
13.2978211163997
12.2786890755994
-2.31124585685845
13.0037757097490
3.72922584642715
-2.75921565811997
-1.39700148505245
12.5328135643081
-0.694102358428118
11.3042066422266
12.7667265088143
-4.13539262619430
-2.15406816339803
-3.25938108026063
7.01248657298612
13.2820167491782
-1.46164828067084
-2.85553964149655
11.7233664129420
10.4735410592425
-0.691111711016510
-4.25458219236499
14.3264898262968
-1.39443486708917
18.3688793643847
-2.44130913347499
-4.89049851829916
9.89117765231875
-2.41254808698082
8.45763712452747
12.9614913123760
-2.01307713901240
13.1516086014064
5.20642031613296
-3.06031329375896
14.7343408417307
4.62105007065534
2.94216052274849
-1.38310389769348
-4.89953990558633
16.5235142181234
12.8593400102440
-3.52615102728747
-1.62181278655278
-0.620681812458963
15.3142523794217
-4.00775273858208
16.8944333504978
1.79181079995414
13.8766555944882
15.9710268356269
3.56812170993077
4.17968010364840
14.1119718845724
5.23529708942021
-2.68930518773050
4.37392168496568
-1.49213120329579
3.26983766754790
5.78755317540240
-2.29506700678095
4.91074861362809
-1.89077827643288
15.3504746767625
9.73451861404416
-0.550571691905669
-0.647277077486655
16.4971733304590
3.16991492669282
-2.96388658480743
-0.157830845459548
3.71389519945525
-0.988215247118951
13.7010749541912
-0.599607989452130
14.9763696267103
14.0634015155881
13.8329380222346
12.9500016121638
17.6582044733231
-2.10248708707903
3.52642594172977
3.94627995158351
-0.116162849437141
-1.91760097894035
10.4487032469725
-3.58685415672660
-1.61233881494365
12.3267551785892
16.9168186377906
3.00787738336597
-1.05963389782715
-3.22449010635189
-1.68939700270175
-3.68073461402632
14.0341772679138
-2.94685621411955
-3.30078975975511
5.26543147184901
-4.59354712535387
-0.409423513537654
5.77733767442684
-3.12945788471998
5.16383851849648
4.41730238785307
3.42732454489127
11.4391968044573
-1.17739559356959
15.2821743490150
13.2914900112859
4.05647331711404
5.12207787049126
15.9249912386932
13.7841629682695
-1.21155109439895
15.7167577266024
17.0122608666359
-0.193854597057562
-0.815749469776209
5.54210605249637
4.20565653844734
-3.73847426618603
14.6644861209772
14.2737258492598
14.4861759719236
16.2611079968466
-1.81349946254723
13.5210554605402
12.2432904374019
4.86278270252672
16.1161845408404
-0.473015872560410
-2.07121113272574
16.8740889850101
4.35648912961467
3.70044896098640
0.436716044383581
15.1105610849306
14.9163266781756
14.5025791591234
-1.23841125465863
-2.59155536917215
-2.13219525823620
1.79769342250470
2.92824939345292
-2.07591721594682
-1.50951931130261
11.6925569069817
-3.93185964677172
-1.75430104924202
11.8272647695311
-2.21496238338444
14.6134947466572
-2.34339836397621
0.158531908176494
-4.41025317089016
-0.284744884583212
14.3281687315419
3.81468810578746
12.8245770452694
-3.30775027321687
3.65566025993132
18.1082534883611
11.8578450788607
-2.83166465735026
-0.229652028321156
-0.512638463546914
12.4142277561797
11.2992233310079
15.1992748428845
11.1605163532035
-1.97313039920474
-0.685465092720528
15.3040315401722
0.514015600833013
4.10114783402735
-2.09229216466937
11.5453163417760
-3.10222756564986
10.0692355323006
5.62429352795395
2.70044175486480
2.31386249737462
-1.53892086339320
16.1339835199891
13.8530326973886
18.1177257735816
-2.36078643076372
12.9855494125248
3.89351208767328
-1.78131045146580
3.40305885873188
-0.567418326172424
-1.02589373319410
13.6149988888223
4.36293827017799
12.4948061100648
-2.66249627265868
13.9388615593305
-3.57171534179795
2.64343740240320
15.2143737084382
6.88764428782366
14.8115780764842
9.08862484601568
-2.03702006945509
-3.55747199478126
9.56576240457556
-1.34163587969947
-1.45353623523397
4.54952405189932
-4.48873841552241
-2.92991454800877
4.50499851055803
-2.38209534529180
5.67659394972915
13.6218773719296
0.268840151926440
16.2052410884293
-2.87422238122407
12.2725313646755
3.64476320131783
14.3185633041158
-0.312875484249404
-3.70784371884299
14.9526836723084
-2.61955344333154
-2.03601002893233
3.48780963456081
3.48135810932452
4.57765177687753
16.0709696996779
15.3524210877038
15.4999773483831
4.83320244545995
4.61877347613650
3.02950518879829
-3.95406125782480
-0.334011233392058
-1.25644754991988
-0.182268523827233
-1.56054344579056
16.2924675355232
-0.320311917257133
4.00990696002293
-0.694995432390325
-1.19321333385227
10.1890300103252
5.19494089392475
-2.05726671545512
18.4461222908042
3.09100915915734
-1.99923432902010
-2.46869680075576
12.1808772146265
15.9794948932453
12.7557475818366
-2.47609406398235
0.0297308672195595
-2.86700294092089
4.12119893048934
2.35384110903074
-3.93465437505323
-0.836895431877184
17.0890716926354
4.85670637844642
-0.121341863718496
-0.777204974958250
13.1765780882121
-3.99357292255960
-1.46683102209321
-1.89195397354370
3.56830821628874
15.6326491532165
11.8300801240014
-1.01736240846129
0.890109981336230
-2.81753352447847
14.7542731096254
-3.02028244287251
3.03643227651620
-1.32120833276703
12.4293986904170
15.3348340173436
-3.42684330666200
13.7405568396110
4.25228701628749
-4.19244445190485
9.70189593887367
5.22401912701728
13.1421739115513
-0.903022289892939
4.92815957986049
13.9096993130900
-2.94314443751161
3.61128726033224
13.5205593572542
-3.46890083154448
4.02212089266426
16.4629681764680
13.3819226602947
-1.45154995292437
15.9484874036115
3.95353525752622
3.52875097608694
12.4449397326919
4.17702710270408
-2.62333228401552
15.1322562105780
13.4460923447924
-2.43696073620049
-1.13510082444635
-3.00924064972914
-3.56023663016780
13.9478921028085
-0.983381575509143
4.44600462862977
15.8755125544267
-2.17075718034555
13.6584023879911
-1.51101697144294
14.4305824598948
-1.51677364047756
15.7521377324458
2.78255300599506
5.84008049170251
4.99213557479753
10.9465457673533
15.1045919008822
14.6852889728013
-3.52897738748107
-1.79431504725041
3.98108154678157
-3.08172601789184
-3.81894663970207
-1.84191171162875
-1.36730806593533
-3.31117276339027
15.2000841223969
15.3702203836338
15.9817414337426
-2.67540504615011
-0.143211895614836
3.43560607446922
15.6920034494459
3.79318228743506
-2.41309711310281
3.57267715751453
1.67736282142612
3.36445844409014
-3.41341632443647
2.07575608243669
-2.77776418485949
14.1148157818455
17.2414732197586
-3.85706131943643
14.4532659283245
13.8090533335181
-3.44947186862896
14.8076614803493
4.60130139210239
-4.51103620339300
2.97281458384597
4.34680831574327
14.3112651294423
-1.43807479740921
14.6654279365489
0.366752511792239
-3.00947560177112
13.2842192091226
-0.685624451766511
10.7933321526647
3.29829989199120
14.4701456880261
-2.23383291525686
14.6609675823121
9.81899636792007
-1.97121773980861
-2.03442416352700
-0.695147319930810
-0.0429807457055937
-0.656703845526704
14.1336547642280
11.8550715124812
11.5831416949764
-2.49025449229973
2.69195829288026
11.2215929088962
-0.306691965769486
-1.43047416178929
3.80320565720107
-1.74881498355726
12.7518351063912
-0.751677425010179
10.0525248485033
-3.01506683891079
-1.22723781887539
-0.288652526924388
-1.52683963287619
14.8573262132623
4.10982152011726
5.11067217045700
3.45016306618522
-2.05732969959740
14.1109213681004
4.58701660934481
4.54533053610114
-2.58912120102956
2.80952329435272
3.57599158956970
12.5721479994955
12.2233773568248
12.6156437579524
0.152467650727810
12.4847109229681
11.7712775305039
4.66116234935155
1.86192648817769
0.0785360612069668
11.0098983474291
-0.795693692578726
17.1214677110802
15.7125955548397
4.03970233736447
5.23307090179518
9.99700982102524
13.3143633480476
-3.33365211917206
14.7664023296789
-1.37412925282195
12.2609650188928
4.68850228147539
16.5003576987981
-3.99765459761041
3.07343666524711
12.9017449418648
14.4255586357191
5.25107300843901
13.9222065692533
12.4853326090275
18.2464340643398
12.6001169743029
4.05311478743375
-2.09410397413900
14.4422767415947
13.9140802491337
-0.810200252980511
13.5801962874490
2.88361933402098
15.0869285045410
4.11990833335006
11.6495113752509
5.19404228009568
4.44652935348636
10.4174854235958
-3.76285600519708
-2.63324884108640
4.61796865388226
12.7631253332711
-4.01647719689081
2.84656010622109
-2.78629213783881
13.8577879359385
15.1481434110503
-1.71245918562350
11.6716804056158
15.3726593592993
5.11015730037567
17.4146561827092
5.63937773123337
-4.19522460311375
-0.605767984162908
11.6336964768736
-2.98514871178147
12.2078382461944
12.7508537380510
11.3514926038647
9.59419428217238
-1.36849332802624
-3.44968813003605
11.9275771852152
-6.22965019137253
3.95524687147485
10.7009928236635
14.9886464953040
3.97607533981284
11.1988379720678
14.4151013541687
-2.00882072422837
-2.37700886745523
3.41598381490497
-1.61182066905079
18.4419307121650
4.68041049586767
-2.05698117807372
-2.19128752119057
14.8524291936242
4.90621075204712
0.841342317981212
3.27795822673176
4.00361231353608
13.0420612924334
3.70534025877307
-0.464725921050967
-2.72398560148255
11.2711239047815
-2.30974717086619
12.7023724513209
14.2357306968347
4.87552668996720
2.05388869491958
5.30562310353041
11.4972272870024
-3.11510967244546
1.15201720692969
0.923182822152860
-2.97787579923508
15.4182480319209
-4.20118407772536
-3.30198268412500
3.21791350969081
16.0230809915458
-1.16864590290669
14.2676853193262
-2.81394147807298
3.72648260476053
-2.28006218390486
-1.93064254972076
12.7389981133977
-1.63690312417161
4.28044440670892
4.45857781469230
13.9976250268960
-2.64948688359444
5.09571673703715
11.8256313648990
3.61475058526504
15.6652986973766
15.5360491382354
10.5913751177375
-2.08145576748941
4.71676404170375
-0.199828521356440
3.15243224553383
12.2249520411485
-2.60285733572412
14.8733492964366
-2.95803525050694
1.59079368473160
-2.30386386255034
0.274474039805894
5.11247251331936
3.72663442150065
12.1270983571909
-2.11181465507525
4.19230610415782
-1.04321110429448
-2.02420643947522
15.0668727235103
2.72833221178898
-1.52379730266805
10.8923984177002
-1.34865856677140
1.04315197806106
-5.54566227198783
11.2019584814432
14.8076507493450
-3.47009638595491
14.6190769052209
-3.04232494704479
-0.115574983707760
14.0543859219231
-1.51495274589454
4.14033798747639
3.57222697499016
-6.33621508690764
4.75621521677762
-2.77385846997474
-3.61998822703703
3.41700328734530
-1.11805907251053
-2.11964196249888
4.97862007759062
15.1320954834027
15.6154220255461
13.1367331548806
-0.981050161377230
0.867911975870253
3.51387079724926
1.96327232655376
-1.96069849532782
-2.71955824877648
5.32620859702246
-2.09060498999909
5.71283780149174
16.9776834143311
0.873736351558240
10.3838026265995
4.58363061550354
-2.21571840291095
17.4043780666746
14.2546631454345
13.9786441375304
3.40495042107150
-1.87745740719625
2.14158951851465
4.43620216564384
16.4052043831719
11.8320413063099
14.1633604450824
3.57362032392638
15.2995000466301
5.02469639873353
13.5273354702457
3.23041176770674
3.94978529336627
-2.46791766645657
13.7285643576328
-4.54579208906816
3.47665318833678
4.88567785614735
4.42212688051616
-2.54637699036351
13.3929355830843
4.08958916656923
5.12575950072613
15.3728745084439
15.4528740848872
-1.40884906907379
12.5817932204143
-1.17443463815626
4.00076437211187
-0.137863645199212
-0.358291384939418
-0.486149285279172
-1.82727078718148
4.38757246477054
14.1951727231402
-0.712616485091604
5.12822835447902
4.03794523714716
14.5531938421288
-3.07591734775908
-0.313160137440355
16.7921833077211
4.01926248072772
4.11463550104281
12.4646682735185
13.0502872436733
13.3046052638744
3.26283487824067
5.52075373827983
2.70995359286435
2.65705318588535
4.60218634030997
-3.54637651037224
2.68202096644250
-5.03313948651109
-2.13473907706556
-1.02166134555841
13.3106286195726
-2.20002178307989
-0.332840400060025
14.1447637136242
2.82702951229252
-2.39693331379559
-1.80197482555778
4.34042055432280
1.54623666432228
-3.47289482637002
16.7453394019349
-3.45010553381946
-2.47412369259808
13.3034093505293
16.4744869654001
13.2410997290721
0.513588020991791
2.18449703007890
-1.24961374180798
-2.52603807231286
5.72280393053936
-2.82153018827209
15.6687900175917
-1.66210518486765
5.65071534952283
11.7506292384650
-1.32642353186348
14.0791349361615
-0.198910772757167
12.2604765785237
-2.98673741939512
17.0806343221277
-0.417857384930194
-1.76104791500563
0.445388815618324
15.5354263322509
3.36659735977941
12.3631228069277
3.69788260595950
13.2153577917795
-2.89058279361164
4.00042709295680
13.3369433926608
3.00932777575575
13.1593374110158
13.4484696442631
3.56052873619887
16.0529522249425
16.0014406188042
17.7880649989407
14.3511771457354
-2.41962290040822
16.4163496688255
0.269005731240667
3.53466887117549
-2.99292559431820
-2.28062885446917
13.9877429473372
9.14006314499627
-1.57477478116330
14.5234479950151
17.7854717022351
2.80934335084123
12.3698460128941
-2.85684317290166
12.1834970018496
15.4244075166054
-3.42036297522062
4.29230275835577
2.82555531805840
3.67205323979277
18.7295004626397
-3.60145739706082
-1.31266810170957
13.0818504532369
-0.221207431310308
-1.87941178031504
-2.57694227722031
12.9366809931211
-3.55072901338428
14.4983522586054
13.9461476010050
-2.12797244853693
3.66140426997869
17.3446262871269
14.8761287222522
14.7790015419278
16.4115260977569
3.80901057975216
-2.83267835445147
5.27212028110039
12.1784479678433
4.42719929343086
-3.79744884391249
-3.26710056794157
18.6131459463496
4.83750284512080
12.3148889645895
12.2232505954151
2.87668574041158
14.8206204516566
14.9815460970972
9.99037361926478
-2.54480549875229
-0.399224869293624
-1.62131967393961
3.08464308099995
10.5130720165830
13.0317954906942
11.6474438777267
13.9971789025335
12.9065111326467
-3.13411678460668
13.3405771500048
4.94856719177502
-2.53380841860505
15.7749588091747
-1.83365367544061
-2.86715001174187
-0.917949513189380
5.11012753486938
-2.35405346728318
3.74278809047878
-1.84430144121599
-0.610857500793137
16.4872594115173
-1.49659426688566
-2.93269863701219
-2.88457780700070
0.415055618097682
-3.09614208016433
15.7461364330148
-3.10549677013971
14.0627408125361
-1.47607713810113
5.08888301706389
9.02435109191135
15.8907223512403
4.08973653504663
12.8004991176447
-0.177724984616969
-1.44550632390845
-0.322265444220515
-1.33901478179361
13.4055196981939
-1.86416461318625
-3.90339293937261
11.1169324900400
-4.11258696779775
14.1707809722624
13.4743258970754
13.1920361324582
16.3062502272473
-1.35596163264568
1.17248466099400
2.41545139462660
12.0607831948710
4.33143337452104
-0.392446327781068
16.8448176384058
-0.630457044577533
4.24083427815026
12.7035792306337
0.452018785314424
-3.66558376154685
13.9530254491909
3.10628984101306
14.4897677152906
-1.65641005465854
12.5380633967721
-3.08848519058288
11.4426138309574
12.8604626394396
-0.563691357361474
13.3172113696164
11.6405528217803
16.3208879942297
-1.39416152817725
13.3445280567099
15.3743972786898
11.1589355333598
-4.96436443602009
-3.18478670638760
-1.43388989091258
13.7136667658779
-0.480075029700759
14.4351836109869
12.5401980044451
12.6744548887404
4.53812431126830
-3.30502920443898
5.07746784643043
17.2952503853357
15.1164278059571
11.6970992257553
18.7429171289319
-3.04217178614147
11.7294419364351
13.7303629644611
10.0623086703479
-1.60712515425289
3.84115983668487
11.4484590984451
-1.70472616004991
0.359770476671027
12.8424830236523
-0.306775104704043
-1.16461654161772
15.4782906469419
3.32320643131251
2.40257130948456
4.35764557588468
-0.613101602381920
12.4664354650616
-3.07476755981637
10.9780991635664
14.9961939306385
12.8427635177718
-2.06155143820010
4.48478405929094
12.5137899134963
10.4697548350897
-2.58624517473413
3.33605530221365
12.2524090981327
-2.63768316947022
0.898523156821262
4.88552130715704
-1.95278060862603
5.02077335910151
-2.65102439510642
4.26212015682814
-2.16351135351610
11.7863076849369
-1.60579105270638
14.5146724306632
15.5052386905157
16.5750779953321
14.2951700908950
-1.71917864503200
-5.46701655631272
-1.74824102217862
-2.32531048440354
14.1650401436626
-2.99201894209651
-2.15135473411591
-1.41708619162774
16.7131295030825
5.75658881557578
6.57121143571313
-2.65809167971699
3.60201923845022
13.1746791386741
-3.96951497031872
3.42131377904458
9.87543106596733
-2.72166997514533
13.9913085367661
-1.24585431334750
18.0502420978021
4.58220261219620
3.29796934712298
3.42987557115167
3.55857215448375
3.48961267173741
-1.35764712546754
13.2700827810687
15.7455149143490
12.0395988633926
4.32694443661093
10.5994757105204
4.35206216987236
16.7126929008972
4.60462220848096
13.9358496759197
2.89552305130097
10.6358657516085
-1.78928723876312
13.2816993279739
4.34804047063742
5.77748031766970
4.17100492997873
16.1082196949363
-1.28125183854002
16.8012884767513
4.18471418700545
10.9303009127134
13.8636725486935
-3.20761399426268
2.92756740260259
13.7405311212462
0.201789594026681
12.2748112930747
16.2207924931208
-1.19017221930941
-0.123798369643768
-2.61280084444258
13.8409324107923
17.4750904180820
-3.64373685142555
13.1252001567704
-2.87294397624440
3.05266474787641
13.1697154845317
-1.54994339369395
14.3047945145636
-3.27870662835220
-5.13246011958750
-0.895512794415513
-3.91525987134471
12.2170478181057
11.6313970625976
0.403133537336125
-4.02131891068567
-2.84023209800638
4.41016371912981
-2.57216216914206
3.17974861371413
3.39483525356436
14.2953085401794
3.87213554387645
14.5521485754870
-0.364190104761331
-1.46732538689130
2.14104982784340
0.126966025305089
-0.467179992787295
-2.89587617715151
15.7468637969824
12.1807326103717
-1.03033546294761
13.9472398571448
13.7444021138934
13.9816304333651
-0.359073576788711
-2.04707785787732
4.30225426898863
-1.20785708724065
12.6613297912025
19.2203150921810
-0.601571990580595
-3.36263907007958
4.57536784676886
-0.689451499331376
-3.76304342447004
-2.11065136232140
11.5791336545532
4.45884163108974
3.50922666546317
14.0366647248392
-0.223544680968294
14.0071850472863
-3.79068231775927
18.6261545085540
14.4499146440760
2.77413847972262
0.257818099693706
-0.134758262360193
-2.49062556036514
13.1445143545739
-0.611047427632849
-2.95173627921179
13.0384471067893
12.7412175869215
3.37130595913211
16.6101715657282
15.5441557520349
13.7433303130988
13.7510009316011
14.5205636869763
-1.84935273425779
-4.28623727251882
14.4657178782655
12.3100909283381
-2.73612623538996
2.03703138012070
12.6937473510906
-0.155707603629122
15.8332992899890
-4.26071734865087
5.05984277286783
-1.61119780708498
11.9571566469611
-2.65218250778791
4.39323296925467
3.49716555564419
-2.90444552809930
17.1430125362866
4.34531866633769
16.0879280182427
11.7882409862204
-0.153959470850217
0.0999639291041214
18.6875992065492
3.66814943774507
-4.13543420954876
5.42223320421318
-0.559122154142419
13.4194620084052
-3.97567947046359
-3.07203908390522
-2.33837467526929
-3.71702418055055
-1.97806114475273
-1.47164093811374
-2.39098459167332
18.6123648403135
15.2853817389598
-1.80532023176099
-2.82947042446724
4.42911185712260
-1.40942451199333
-3.88012576000517
-1.57834780717453
14.4008760927539
14.2876180684841
1.54821263384611
-2.23833390996988
4.71404819381030
-2.49089343099518
11.9885921293431
4.13635171479501
14.4008835125747
15.0772551549242
-4.01261912048309
4.59063095137358
3.75880928878417
-1.72759522816275
0.617079900259403
16.1232658091929
11.6606559817291
12.1168552040424
7.16625311280659
-2.99440501377662
-1.89648587134960
3.28444993594720
14.0710806223027
3.50850767011705
-1.87800148009301
4.25533608712195
10.8145467954749
16.6873028341177
-1.11640361774795
-2.27778355203323
3.87849393853717
-2.98704916343764
13.7658852707455
14.7506143922051
-4.83478732397931
4.27594102271539
-0.860745636673688
-3.98345439572071
-0.348428126133291
13.6280892814947
-0.0978168284632388
13.1406970889777
3.08644963621784
-3.63888314961621
-2.18365276652086
-2.93671615865542
-2.82626143047850
4.73658924841476
5.03503929497922
-2.46182428646460
14.5221771145636
3.17304435319498
4.39990936694640
14.0960219134046
4.33543707517962
13.1566752954200
13.2714380174552
15.9366876562613
-2.12699969887652
10.3926893454788
-1.89629208573007
12.2302806100976
1.36162039439881
16.1560126864003
1.56899046694460
-3.96692238405212
-1.84132244615333
-1.81844030245343
-4.28453460753899
2.63625605525805
13.7927448457330
4.36559467480580
5.35037753365345
-1.65615009674985
4.52301640303770
-1.67574930190399
-1.03492999585691
4.16568034785705
13.6186667087434
12.8090094855889
-2.87596535901645
14.9398856712527
13.9164802354511
-1.53004389300766
9.21970430589569
5.26675318025445
13.5904523538231
18.3403865402846
13.0889459565394
-2.38419429976146
13.6587056272566
13.3206375871580
-1.18322050083857
-1.30621059725926
3.84999747713782
4.18533876174123
16.3591580523426
14.9681550807060
13.8866774059541
-0.469328792097132
13.0583395553152
1.70467731222130
2.99992809457523
-3.16376136679654
-1.44591354588151
3.14975018045950
-3.20268412871053
-0.819230790463133
-0.958534245939034
-1.71221623426516
18.2803217149954
10.8319323456395
11.5063113389511
2.78929113137744
2.86872498120603
13.0470259361428
14.7816341486775
13.7080121749874
3.21663199325718
-4.22440300646960
-3.60383686841379
0.273852729360759
10.4885956815215
-2.98115222756265
4.10338023429940
-1.92332178270584
12.1290389251308
-4.55053585021017
-0.516722293950354
4.39085098480189
-1.67150861895412
3.72147133779197
3.08893141363138
-1.89248170392653
3.35877037632575
13.6110731678855
3.24135287479078
-0.606493731000547
-0.692651641350409
-2.84498901583479
-1.73398393102330
-3.35748588431054
4.53912820294883
-2.46710059275567
13.3001186820537
-0.147767422556481
-5.06443312413462
4.29084875627763
2.12701041485009
3.75613099094906
-4.06074414470283
15.4878623189967
15.3750442934872
3.43397046560284
4.31179042820021
4.28337045148214
-2.82124517662847
-1.23053939568420
12.2121097651722
-3.08096453352579
17.1452537079041
16.6820275337264
12.3965883214574
17.4527596760835
15.8584229227626
4.57105592221364
-1.17000714380018
12.7211752462898
12.1132128532056
-1.53956655325298
13.3537073332027
0.124921175483142
-4.87051681566492
-4.55088019698813
16.7743331696311
-3.36259003527072
12.9785934011874
-3.89265581609231
4.27577918669222
-0.817273386731382
-2.31452970882535
3.22453609255404
-2.64221770643211
10.3371389624523
-1.82813663763426
4.11200282750468
11.8992224280881
2.58091945695586
11.5878907366529
0.134429958930033
12.4880596231841
12.6818078713474
0.751550160036534
13.1136962248059
-0.441363965850375
13.5339564460245
-3.17604273081406
3.84334832669475
3.77205955081699
14.0677720804304
11.7785710504286
10.6527715736013
-1.56386977403984
-2.18639349029560
-3.82651431816274
-3.52874923419816
-3.42578553680589
14.5398314565485
12.3220320503848
-1.51548175932836
2.81082625336668
4.87279327157334
-1.92989319206398
-1.86317557990052
-2.33952718859734
0.0243563523785562
3.79408786517872
14.8421360868271
-0.810272737758843
3.50741021117526
14.9969214285650
13.8140938834402
4.69591635995441
13.4632017895425
12.9213948563914
-1.02389707262608
4.94227565958394
3.18234758687606
3.84107893890039
16.5508071115004
-0.568356270478346
-0.980755207922339
3.92359292417095
-2.35548394195257
11.1916877985186
-2.48135100011527
0.689018340790297
12.6861724585412
4.84799313667663
3.28473701350521
10.9551033657206
14.2056425000776
-0.788262920871892
13.5016581399501
14.7346225993776
14.5269495661083
0.623118671475547
4.63308459007061
13.1733035617125
14.6391058270655
-2.00533136443263
18.6569590995942
13.5118290284971
4.24906011395526
-3.18722102859621
14.7817454463966
-2.72928007986389
3.53257522353459
3.47745907840641
9.48930650117392
4.02658989278991
-3.42324481604975
-0.111467115265093
10.8732107025492
-3.28071598633893
-3.00692693494065
0.864870086067376
-2.22863981173177
-4.59833298701187
4.46986479869591
-3.74152753477105
13.8665218984119
-1.83607451856276
2.16871890905507
-4.34745655123881
-1.68898029909728
-4.07940787418143
11.5790677933972
-1.09519801630250
9.89839162315026
13.6756897767859
-2.84360625158575
-2.38792780791416
-2.80790858387494
-1.26255940428919
14.7258892503756
-3.70755746037329
13.3868298534486
-0.688130557566386
3.51773955566775
-1.68110556279975
12.2542103364031
13.5691351726150
14.1194135229096
-2.38879952675995
16.5335711767981
12.8724772552271
4.40086768963752
8.97489852051936
1.14334013646284
-2.96628818800069
2.18904024336045
-1.54785674218829
-1.61980074067057
12.8134081439324
15.1309693437436
0.934672775385395
4.27506607534042
3.27823818977081
-0.360658211364469
-0.0427253313849940
4.33815808517063
3.24264321657557
4.76018212432359
14.9992811187506
14.1179608526277
-3.30870758479489
-0.346435760464507
4.09144228691101
3.81693507516666
3.29757646217997
17.4193069973362
14.1944764894344
15.4560389154032
2.20843337402512
3.12639152172240
3.32174634858724
-0.349667661070558
-3.91402436903902
-3.02745112862845
13.5374285195625
4.58032316762141
-2.90004495310745
4.79388798077370
-4.32921957490984
13.3166076841914
-1.46775930384520
5.22114252809720
14.2873071740978
14.3181902897404
3.98394022216170
16.4252656739091
-4.54021015730331
13.8852310961313
16.5625446556282
6.55557750564241
3.17199146771624
4.15346412244245
-3.03966978570946
12.4238350324165
-3.00106690323013
4.05461708276376
-2.46828750614228
15.6275603640428
4.40671918851518
-1.32419560860272
-2.47412032477944
-1.08814647336033
12.5006215108464
3.58094767072236
14.6856249478125
-2.66379974180879
6.07703247103827
-2.04987118945691
-1.89542760175681
-3.56632552906098
16.8795773042595
-3.11622362787302
-0.469544801502364
11.1895125019788
-2.64992597839980
-1.74662531326115
2.19281180133971
3.39359959718936
-0.236385277225468
-1.44194913342620
14.4633259339124
-2.91582115050761
17.2572345847059
14.6146284109355
16.0680769776316
-2.76828949173265
-2.45972189984409
-4.19580324108197
12.5387617906625
-2.70181892899661
11.1650074942358
5.63237969705383
3.30163842439209
-3.19805745950051
-0.236110903498342
0.589279571769391
3.71535705945028
-1.44724970571742
2.24040549483884
-4.72255631637049
3.45269780248671
4.56391937485226
-2.94072306152997
3.72470437211834
-5.25942076911945
14.8710593943558
5.97807947328765
-4.21008608089403
4.26270720396633
3.52645555263481
-2.63745399840452
-3.06802018717195
-1.71390894813964
2.08179296503127
-1.88021924667912
-3.09668230406460
16.2660085716018
2.98830373848369
4.98339253248438
-4.58727779135494
11.8728969392452
0.881222365404055
-1.44350498529553