22.5	79.3
26	86
75.8	23.9
77.3	16.9
26.1	80
24.6	82
70.2	21.9
73.2	13.4
23.1	77
20.6	83.8
77.5	29.6
77.7	14.8
20.5	79.7
21.2	81.8
76.3	24.3
78.5	18.8
23.5	74.5
24.8	89.4
78.4	22
76.2	14.4
21.9	70.8
26.5	82.2
72.7	29.7
75.6	15.9
26.6	76.3
29.7	84.1
75.9	27.4
79	16.4
27	70.2
28.2	83.3
74.5	26.7
72.1	18
21.1	76.9
27.3	89.6
79	23.5
74	10.9
24.3	70.4
23.1	87
70	28.8
72.9	16.7
25	72.6
20.8	80.9
80	29.8
77.3	17
30	75.5
20.3	84.4
72.2	22.4
72.3	13.3
29.4	79.7
22.9	88.4
73.2	26.9
79.3	17.5
27.3	72.3
24.5	87.4
71	27.5
74.1	16.1
20	74.9
27	90
74.6	24.3
77	14.5
29.9	77.3
29	82
79.7	21.2
75.4	19.1
20.9	78.3
27.4	84.1
75.1	26.6
71.6	12.4
29	76.2
29.8	80
73.6	23.8
76.1	13.6
28.7	73.1
23.6	83.3
77.5	20.5
77.9	17.3
27.8	76.8
29.4	87.5
78.1	24.7
76.5	19
22.9	73.9
23.1	88.1
70.5	24.7
70.4	19.5
20.9	70.1
29.5	84.5
74	25.6
78.2	12.7
28.8	71.8
26	86.2
72.3	23.8
73.4	10
20.5	72.7
27.6	88.6
77.5	24
77.6	10.3
28	70.6
28.5	88.5
75.4	28.9
77.9	16.4
