0	0	-1	-83
0	1	-1	26
0	2	-1	14
0	3	-1	11
0	4	-1	50
0	5	-1	65
0	6	-1	105
0	7	-1	-87
0	8	-1	-152
0	9	-1	56
1	0	-1	-119
1	1	-1	-48
1	2	-1	-100
1	3	-1	126
1	4	-1	-79
1	5	-1	81
1	6	-1	-47
1	7	-1	-158
1	8	-1	116
1	9	-1	-69
2	0	-1	123
2	1	-1	26
2	2	-1	79
2	3	-1	-18
2	4	-1	-137
2	5	-1	-81
2	6	-1	85
2	7	-1	-41
2	8	-1	80
2	9	-1	-103
3	0	-1	67
3	1	-1	-5
3	2	-1	42
3	3	-1	24
3	4	-1	-11
3	5	-1	153
3	6	-1	84
3	7	-1	88
3	8	-1	-10
3	9	-1	-62
4	0	-1	-26
4	1	-1	-133
4	2	-1	-118
4	3	-1	42
4	4	-1	-23
4	5	-1	66
4	6	-1	30
4	7	-1	-32
4	8	-1	-66
4	9	-1	-193
5	0	-1	-15
5	1	-1	-58
5	2	-1	-156
5	3	-1	-118
5	4	-1	94
5	5	-1	-146
5	6	-1	-87
5	7	-1	87
5	8	-1	33
5	9	-1	-123
6	0	-1	-131
6	1	-1	16
6	2	-1	3
6	3	-1	-75
6	4	-1	2
6	5	-1	-3
6	6	-1	-5
6	7	-1	60
6	8	-1	-224
6	9	-1	70
7	0	-1	-199
7	1	-1	34
7	2	-1	-89
7	3	-1	-62
7	4	-1	-103
7	5	-1	-66
7	6	-1	-112
7	7	-1	-55
7	8	-1	89
7	9	-1	57
8	0	-1	-26
8	1	-1	-1
8	2	-1	-93
8	3	-1	-114
8	4	-1	51
8	5	-1	18
8	6	-1	-116
8	7	-1	148
8	8	-1	49
8	9	-1	138
9	0	-1	72
9	1	-1	73
9	2	-1	165
9	3	-1	-93
9	4	-1	-80
9	5	-1	65
9	6	-1	72
9	7	-1	113
9	8	-1	-21
9	9	-1	36
