0	8.629412959329783E-4
1	1.5000000000000001E-4
2	0.0021947125779658867
3	3.300528312742244E-4
4	0.0010052713998748612
5	0.0013748334668887156
6	9.02859028095069E-4
7	0.0011609146436055502
8	5.361326084006578E-4
9	4.3915169386891646E-4
10	9.663195110682864E-4
11	0.0027288761059326744
12	0.0031060584978753465
13	0.0018125861404463648
14	1.925000020186417E-4
15	0.001351908780785743
16	9.706109057937282E-4
17	7.572349923973282E-4
18	1.5000000000000001E-4
19	7.631949165137484E-4
20	9.035053562605753E-4
21	0.001088773766392842
22	9.102375592493141E-4
23	0.002408322463724956
24	3.4384325860301035E-4
25	7.196057014574762E-4
26	0.0013756839083420346
27	4.7613606672384774E-4
28	0.001827832352288533
29	2.2437500353262294E-4
30	9.391665663919411E-4
31	5.212788875418482E-4
32	0.0016901450335048138
33	0.0020746689626015722
34	0.002267534243734553
35	3.829037277377211E-4
36	0.0015408834846612684
37	0.002075253595618415
38	1.5000000000000001E-4
39	7.678084754841013E-4
40	0.0013290615481004351
41	1.5000000000000001E-4
42	5.741600574459881E-4
43	9.115570400957949E-4
44	0.0014068654841743408
45	4.250487893839212E-4
46	7.20247960179889E-4
47	5.912786748919947E-4
48	9.412702087196521E-4
49	0.0019761378582489365
50	9.318870129995049E-4
51	0.001307291270646965
52	0.001217665188020328
53	0.0014797553450684063
54	5.710003760817927E-4
55	2.2336018461501227E-4
56	0.0021963315153998944
57	0.0017440692455842509
58	6.65201267262455E-4
59	0.0018062831729970638
60	9.899335863941814E-4
61	5.579912900730657E-4
62	1.5000000000000001E-4
63	0.0018827711080724838
64	4.6463900765326494E-4
65	0.0014075753113196696
66	5.794818376365584E-4
67	6.286837547726464E-4
68	1.5000000000000001E-4
69	0.0017114899675711058
70	0.0028861482318762377
71	3.6447879844345155E-4
72	6.392261109489483E-4
73	5.905048210173846E-4
74	7.965899292379619E-4
75	3.941550081130117E-4
76	3.83200537331868E-4
77	3.861071463383269E-4
78	8.367600575787946E-4
79	0.002321022830589209
80	0.0016529801332275382
81	6.973053759487811E-4
82	6.724914828431792E-4
83	5.918070551764686E-4
84	0.0014060470272243642
85	6.601179514895193E-4
86	4.500837517902255E-4
87	4.001074282918125E-4
88	9.368262366779771E-4
89	0.0016893667865282623
90	2.454619443897779E-4
91	0.0014552996206776392
92	0.004119988683335638
93	7.537533632479608E-4
94	0.0031460238831336027
95	0.0032412609804848514
96	0.0012952631595602724
97	0.001079142454212221
98	6.14658400596818E-4
99	5.839896982855862E-4
100	5.501679815701209E-4
101	1.5000000000000001E-4
102	0.0025375871876953168
103	4.10671496410699E-4
104	1.5000000000000001E-4
105	0.0011160977637395262
106	4.5104898905847223E-4
107	2.855737935227808E-4
108	1.8187500151398129E-4
109	0.0018896359287279966
110	5.706582171415601E-4
111	0.0010414512825867859
112	0.0012836914383718976
113	0.0020878956669243055
114	0.0015034924860020207
115	7.725389268365688E-4
116	0.001188435413162612
117	9.641123020322994E-4
118	0.0013450640805783528
119	0.001358921156891544
120	4.5306161109668513E-4
121	0.0012131244193064048
122	0.002515162181376945
123	8.92680736584589E-4
124	0.0014566512983641587
125	0.001843726570374565
126	0.0012147025551103674
127	2.5948888181398315E-4
128	0.0020701812450774014
129	0.0011584493032384972
130	0.001334270534213283
131	0.0010017290465533734
132	4.001074282918125E-4
133	5.198340661988672E-4
134	0.0017292327641975135
135	0.0012655609685374655
136	0.0018957288580772
137	4.40167141550531E-4
138	0.0013515376079943962
139	8.969082241489863E-4
140	3.571483708277811E-4
141	5.242702374438522E-4
142	0.0023219267169828526
143	0.0011717902405808367
144	9.599948419840075E-4
145	0.0011931270522531122
146	2.63392242565169E-4
147	8.182358412945178E-4
148	9.733779250682953E-4
149	0.0030098844648513475
150	0.00192465195277667
151	0.0015401626448690268
152	0.001402949678018922
153	9.648679567966611E-4
154	1.5000000000000001E-4
155	1.5000000000000001E-4
156	0.0018811435493562992
157	6.696889600483701E-4
158	0.0013810086880461311
159	0.001858205558194701
160	6.163599596824497E-4
161	8.790103001044675E-4
162	8.51202457518472E-4
163	9.662103700063501E-4
164	4.486293196348318E-4
165	4.80674386350438E-4
166	0.001704631426309546
167	5.636296003707685E-4
168	0.0012428409564561056
169	0.0014786829169373958
170	1.8187500151398129E-4
171	0.0016596754432306625
172	4.90240484365495E-4
173	1.5000000000000001E-4
174	3.298039190665198E-4
175	2.3223682125390042E-4
176	3.2340517952106893E-4
177	9.351868901828614E-4
178	7.327871017875926E-4
179	0.0013123813770711422
180	5.466088763263542E-4
181	0.0010289300452917813
182	1.5000000000000001E-4
183	0.001511634611870007
184	0.0022284243310724075
185	0.0017682308929273859
186	0.001968089580046944
187	5.320632972444098E-4
188	0.0019791417092162493
189	0.0015271714075119234
190	0.0016395993178167068
191	0.0010835547612863593
192	0.001545837132804445
193	5.28795472594599E-4
194	8.681628655719882E-4
195	6.347042670007795E-4
196	6.718465070356615E-4
197	0.0022719947244389913
198	0.0010124453703911666
199	8.279703573556617E-4
200	3.4023579419202485E-4
201	2.7750000605592504E-4
202	0.0020590212035128687
203	5.573842545039952E-4
204	9.320975850336253E-4
205	0.0010282743660655494
206	4.70022513915319E-4
207	5.664898931776407E-4
208	0.0010118264357210137
209	0.0013834759456280152
210	1.5000000000000001E-4
211	1.5000000000000001E-4
212	0.0015147865254218533
213	0.0010159980313192742
214	0.002660540438379394
215	1.5000000000000001E-4
216	0.0011697246869211083
217	2.026251351402607E-4
218	3.573028488666751E-4
219	0.001220141695648393
220	7.503899499773979E-4
221	0.0011789907511226677
222	0.0010645062960063418
223	6.73420422905474E-4
224	1.5000000000000001E-4
225	8.12819220815436E-4
226	0.0016675701628322713
227	6.883761643315665E-4
228	6.177042983530555E-4
229	1.5000000000000001E-4
230	0.0012682141402969136
231	0.0014967428580042906
232	5.421195054620815E-4
233	1.5000000000000001E-4
234	8.556216562583964E-4
235	0.0010518906987572942
236	5.001778170175385E-4
237	8.899345654751717E-4
238	8.279335633230706E-4
239	5.429546607347826E-4
240	4.368112074793316E-4
241	2.810383064264897E-4
242	6.279801369295456E-4
243	0.0013858627667708786
244	6.077213277419409E-4
245	0.002802043509442592
246	0.0015180775669248155
247	0.0011111114466679283
248	0.0032254694220377133
249	8.73928907730927E-4
250	0.0013181246270503226
251	6.15522643935401E-4
252	0.001682738288369728
253	0.0010033850336486163
254	6.445763648720458E-4
255	0.0016832019513152773
256	4.295623295241967E-4
257	1.5000000000000001E-4
258	8.42052609520033E-4
259	0.003249413522189328
260	7.710423303855351E-4
261	8.078486372745828E-4
262	0.0014062821189931127
263	0.0011635784919839351
264	7.211768157198094E-4
265	2.480521222421279E-4
266	0.0014479372889579583
267	0.0010215994074009359
268	1.5000000000000001E-4
269	0.0011956627976964227
270	4.181799487618264E-4
271	3.5961754562449644E-4
272	0.0014094971893122419
273	1.5000000000000001E-4
274	2.9107824099482973E-4
275	9.708667034826551E-4
276	7.132256660949982E-4
277	5.659398813499137E-4
278	1.5000000000000001E-4
279	1.5000000000000001E-4
280	1.9090624915988884E-4
281	0.0011175784967839717
282	5.384573427058058E-4
283	6.39517721386316E-4
284	8.058101988048293E-4
285	5.93416682780177E-4
286	8.031430272540697E-4
287	0.002290163249957065
288	8.61850569738696E-4
289	0.0018039248070330358
290	2.1375000302796253E-4
291	6.89734962512739E-4
292	0.0015576899877788187
293	0.002365802658732476
294	0.0013770699618966319
295	4.052170593844494E-4
296	3.0780066496517976E-4
297	0.0012890176364026653
298	4.6125097775657196E-4
299	5.508643882116302E-4
300	7.27963059428536E-4
301	0.0012777845633837083
302	0.001331489535762618
303	1.5000000000000001E-4
304	6.720423020849314E-4
305	6.685504787126168E-4
306	1.5000000000000001E-4
307	0.003355556715693092
308	8.60986033664085E-4
309	7.623411003500223E-4
310	3.6521217022382187E-4
311	3.4140005691345627E-4
312	7.440714365957927E-4
313	0.0011123169666156173
314	7.522187255439349E-4
315	3.810652795131318E-4
316	0.0019620272354281044
317	0.0014726978917373344
318	4.982442192762392E-4
319	0.0011463619522750377
320	7.559852981707082E-4
321	0.002302905595721677
322	0.0011228022413279784
323	4.3897278680233285E-4
324	0.0028976156081320366
325	6.576399451354519E-4
326	5.702599559600154E-4
327	6.401041664804022E-4
328	0.001746918699942762
329	8.935206663406763E-4
330	1.5000000000000001E-4
331	3.559368580376031E-4
332	2.0238558842393105E-4
333	4.3031088440911847E-4
334	0.0013972529565760246
335	4.8570433345933756E-4
336	0.0011681236517382784
337	6.391730844974518E-4
338	0.0013223179593294238
339	0.0013017841184589391
340	0.0016200067758288543
341	4.907781270652777E-4
342	0.0017301472323801134
343	6.146773129934445E-4
344	3.1178832956939E-4
345	9.77995708095841E-4
346	4.2815746871056035E-4
347	0.0014096585569554007
348	7.711471772985532E-4
349	6.6810790100717E-4
350	0.0019198989133350551
351	1.5000000000000001E-4
352	5.228511335793883E-4
353	9.696287166356342E-4
354	0.0015748758108199883
355	5.734489068039693E-4
356	7.449432333485068E-4
357	6.05925796268275E-4
358	0.0011304146170305707
359	1.5000000000000001E-4
360	0.0014671789847547187
361	0.001306076193486418
362	2.1706501590088012E-4
363	2.5881760099437086E-4
364	0.0014525739513977895
365	0.002205720722516222
366	8.786390139294479E-4
367	7.597479374147952E-4
368	0.0022229547686642035
369	0.0020326411623498037
370	0.0018800724735832772
371	0.0011806188520189606
372	6.793319033323011E-4
373	0.0011702047245305343
374	0.0016272410252286742
375	0.0013503411752327035
376	5.928172212404509E-4
377	4.5816831276752055E-4
378	0.0011788702778780134
379	5.152424500614871E-4
380	8.749781272548716E-4
381	8.798236712813377E-4
382	7.272656838720043E-4
383	2.1375000302796253E-4
384	4.2469200394989456E-4
385	1.5000000000000001E-4
386	4.1014762055031803E-4
387	4.772496716817841E-4
388	0.0010964129769185091
389	2.733679689903511E-4
390	0.001698356270844427
391	7.752698014577618E-4
392	5.869327405584045E-4
393	9.931307792003885E-4
394	0.0011195440625364427
395	1.925000020186417E-4
396	2.6232538672629746E-4
397	0.0018978783754389345
398	0.0016726656333349334
399	6.180710842270249E-4
400	3.473856263551473E-4
401	1.5000000000000001E-4
402	0.0010345467013694965
403	4.8256781947178144E-4
404	9.250430879241321E-4
405	4.931811569195512E-4
406	7.312730421894229E-4
407	6.093066871166229E-4
408	4.769727763836272E-4
409	2.688501759315841E-4
410	4.7406745788951716E-4
411	7.950931658037006E-4
412	0.00134850734481588
413	0.0013407923239050431
414	0.0014587861356325446
415	7.956902524708614E-4
416	6.402085289359094E-4
417	9.815587632144647E-4
418	5.96098997235822E-4
419	0.0012639645346702308
420	0.0013483044045337008
421	7.960267710887517E-4
422	1.5000000000000001E-4
423	1.5000000000000001E-4
424	1.8187500151398129E-4
425	7.31634501092291E-4
426	7.282546533737332E-4
427	0.0013458385075558908
428	0.0017099341559815608
429	1.5000000000000001E-4
430	6.211914523795713E-4
431	1.8187500151398129E-4
432	0.0020013007751607803
433	0.0026828585393557053
434	9.255164029125201E-4
435	3.1329143836628646E-4
436	4.0699420414942625E-4
437	2.5917187755694615E-4
438	0.001137490644668772
439	5.72464101575315E-4
440	3.554629534541164E-4
441	1.5000000000000001E-4
442	6.535313083984268E-4
443	0.0011214437750517391
444	0.001389995601645205
445	9.696829614462331E-4
446	0.00184971871606928
447	5.527851900900714E-4
448	8.591478637448744E-4
449	7.287958769360556E-4
450	2.4190780328935943E-4
451	3.3857836403185503E-4
452	0.0018978521961796405
453	0.0023018755359769175
454	7.662667069778155E-4
455	5.802152238475779E-4
456	6.616704996908083E-4
457	7.156885903590591E-4
458	0.0010677098671595254
459	1.5000000000000001E-4
460	1.5000000000000001E-4
461	8.709556621091907E-4
462	0.0031172542305585617
463	6.299914808245376E-4
464	7.652441779704533E-4
465	4.0377518807848295E-4
466	0.0011100523895642255
467	4.2687199471984057E-4
468	8.702185981441289E-4
469	1.5000000000000001E-4
470	0.0026645564344711602
471	5.27176877373131E-4
472	0.0013005236301066665
473	3.833588374312967E-4
474	1.5000000000000001E-4
475	2.3021988651307767E-4
476	7.985484610796751E-4
477	2.9533902212860997E-4
478	5.107426726375707E-4
479	7.523827896569856E-4
480	0.002083877190822386
481	7.638845861035709E-4
482	1.5000000000000001E-4
483	0.0011868044488132
484	5.98693319776794E-4
485	0.0010605743728772116
486	0.0011260851418832317
487	0.0016012955589452757
488	0.0033054382513301485
489	0.0021914537992716453
490	0.0010703076314103478
491	2.668750055512646E-4
492	1.5000000000000001E-4
493	5.481033329182537E-4
494	1.5000000000000001E-4
495	0.0011388237934016312
496	0.001445947854911598
497	0.004219045958021889
498	6.557808816976224E-4
499	8.923826241089652E-4
500	0.0027183724074042403
501	1.925000020186417E-4
502	0.0015643115633487469
503	1.5000000000000001E-4
504	0.0025325192838557995
505	0.0013157415125227999
506	8.679882856386636E-4
507	0.00236870541475558
508	0.001080654646072071
509	8.076598699515065E-4
510	0.002177403830531208
511	0.0018265646774729247
512	5.652461753013388E-4
513	7.27845000225352E-4
514	3.5677708671428263E-4
515	9.472769870927248E-4
516	0.0010911849485331913
517	2.9320397458504886E-4
518	0.0011952435832121408
519	2.48107049416285E-4
520	0.0023594611490805007
521	3.0874986978208954E-4
522	9.86221829619414E-4
523	0.0017403903443055848
524	7.353704642504453E-4
525	3.915336930425838E-4
526	4.69370067154523E-4
527	6.499493346986127E-4
528	5.920652978296857E-4
529	0.0014053421518532558
530	3.304697719004859E-4
531	0.0023206669955165124
532	4.829991453938419E-4
533	0.0023353587488294577
534	6.241344297144678E-4
535	0.002050217287038686
536	3.787178911501542E-4
537	2.9875000706524593E-4
538	4.4102673615852836E-4
539	8.103714466715852E-4
540	0.0013323685890703927
541	0.002206609394882495
542	5.793494055067034E-4
543	0.0012786339431535452
544	9.359477482270449E-4
545	9.077243091266914E-4
546	3.573028488666751E-4
547	0.0016592031940487989
548	3.595125688356347E-4
549	2.4149296747636982E-4
550	6.243918962049065E-4
551	0.001127184147147151
552	3.595125688356347E-4
553	3.4335699107614347E-4
554	4.378290382795967E-4
555	8.641993599361739E-4
556	4.643112175166607E-4
557	0.0015107535506404626
558	3.952641725540161E-4
559	0.003640812140444177
560	9.787082564493175E-4
561	0.0011095282477675938
562	7.453619489446283E-4
563	1.5000000000000001E-4
564	7.142147592880065E-4
565	7.827414535917343E-4
566	6.855540199767953E-4
567	5.152111685369164E-4
568	0.002214111114304978
569	0.0022583735541954713
570	2.922474946593866E-4
571	6.783433749961356E-4
572	0.0024593768865995417
573	7.121983254968654E-4
574	1.5000000000000001E-4
575	2.82492474707154E-4
576	0.0017482566190359647
577	1.5000000000000001E-4
578	6.306690781454867E-4
579	9.176243199966849E-4
580	5.516170733545247E-4
581	4.267826525087003E-4
582	0.0016142754991655237
583	5.870308937116838E-4
584	0.0018320598295453237
585	2.9746744806567825E-4
586	6.139450853574089E-4
587	4.015768064768054E-4
588	0.0019773168381711005
589	0.0029515986725222316
590	4.69370067154523E-4
591	0.0020584016545093617
592	3.9669609701959417E-4
593	0.0017249866528494748
594	0.0017897773159648446
595	0.0011538853094253377
596	4.643738795188256E-4
597	0.0016452922666755814
598	1.5000000000000001E-4
599	7.338721670443191E-4
600	8.375147021977075E-4
601	9.871020394406514E-4
602	0.002079876604602517
603	6.955154023366049E-4
604	2.6232538672629746E-4
605	0.0010256067574722692
606	6.452457655842106E-4
607	0.0010289300452917813
608	5.981020723687834E-4
609	1.5000000000000001E-4
610	0.0019801641701934084
611	0.0016837787464280456
612	3.379751876307031E-4
613	4.877307573828148E-4
614	0.0018555706453296198
615	3.8744777427054944E-4
616	8.299522111881136E-4
617	0.0022539044851931974
618	4.4860482463845986E-4
619	3.4575469705159774E-4
620	0.001946094487508526
621	3.727480078242176E-4
622	4.241398419554268E-4
623	0.0014131704636684542
624	5.154663683846593E-4
625	0.0011513921673817094
626	6.183131934143603E-4
627	0.002308866938164768
628	0.0013417654609230037
629	5.998602810296386E-4
630	6.044148371981768E-4
631	3.1196662230261916E-4
632	0.001803885621635709
633	0.002248502262379043
634	6.869672959204764E-4
635	4.1138364482903856E-4
636	3.1178832956939E-4
637	1.954218745289836E-4
638	3.4575469705159774E-4
639	0.0016949158473832844
640	0.002270443277090089
641	9.618017324401686E-4
642	6.821671919470342E-4
643	0.0022501069114087536
644	0.002165518409704479
645	4.625297332492967E-4
646	0.0015971284636480656
647	5.10487404759624E-4
648	7.607687718516293E-4
649	4.748338820412755E-4
650	0.002395505093014799
651	0.0017539564863604028
652	1.8187500151398129E-4
653	8.421067986695561E-4
654	0.0019827012370718876
655	6.144735852101197E-4
656	0.0012283132528255615
657	7.076861418376212E-4
658	2.55403721681796E-4
659	0.0012309723658894653
660	0.0011057793939166004
661	7.916627097981593E-4
662	8.403069112013328E-4
663	0.002512931829702575
664	0.0013435255548451095
665	4.142719598952681E-4
666	0.002005387881369097
667	0.0015623147758558236
668	7.671782704768702E-4
669	8.048593097249978E-4
670	0.0018139297410923363
671	0.002019188525597565
672	5.299337251014852E-4
673	3.1481103521073235E-4
674	0.001758590400792309
675	4.826876876599272E-4
676	1.5000000000000001E-4
677	5.279178499826231E-4
678	0.001165832691336982
679	0.0031420184492463397
680	9.465394324855879E-4
681	0.0018968032487765108
682	8.86411229687898E-4
683	0.001462416668467146
684	8.911836268147453E-4
685	0.0018386805846297646
686	2.295212225057185E-4
687	6.460064504606028E-4
688	3.852608196815709E-4
689	2.1375000302796253E-4
690	0.0010133276767795906
691	0.0011111348737962545
692	0.0013916011391906066
693	2.2185776230471675E-4
694	3.3005745732807556E-4
695	5.667066188529134E-4
696	9.680163018550958E-4
697	1.5000000000000001E-4
698	6.60599630069919E-4
699	9.490349370326536E-4
700	0.001555680173532649
701	2.966170375351794E-4
702	8.125212176004425E-4
703	9.688514798045313E-4
704	0.0010723315217241178
705	9.240760777475469E-4
706	3.459171243167172E-4
707	0.0024893581601946307
708	0.0019313593927712644
709	0.0021402642993353462
710	0.0010962369188743954
711	8.942208744275074E-4
712	0.0017285407135505615
713	0.001540053936726569
714	0.0013739503441378474
715	4.98321056299028E-4
716	0.002088201184384525
717	8.376830913824961E-4
718	0.0012711424262000946
719	2.481899163889466E-4
720	8.276411159080454E-4
721	4.040143843361875E-4
722	1.5000000000000001E-4
723	0.0021114275432104475
724	4.3258425591047854E-4
725	1.5000000000000001E-4
726	0.0017120539503288454
727	0.0018330769285055189
728	0.0011326787364242287
729	1.5000000000000001E-4
730	2.6822925395487496E-4
731	0.0012563370562624185
732	0.0015580943057100134
733	6.754124688993519E-4
734	0.0018989936419830577
735	4.290326504812886E-4
736	8.380810062284581E-4
737	2.3429592853644864E-4
738	6.369795722091416E-4
739	0.0011698978959427525
740	1.5000000000000001E-4
741	6.654561661280846E-4
742	6.127050802810117E-4
743	0.0013435689333768095
744	6.920012217655313E-4
745	0.0010144918261173492
746	6.747196905353729E-4
747	0.001269134057080373
748	9.544771100685465E-4
749	7.705031497908447E-4
750	0.0016995712902823773
751	0.0016910513689857908
752	3.3878037662943825E-4
753	0.0017015286388108507
754	6.945036880701082E-4
755	0.0012240915086595729
756	1.5000000000000001E-4
757	0.001402190636175025
758	5.295382057433017E-4
759	0.0014513241540951031
760	3.365443598944694E-4
761	3.125985857875397E-4
762	0.0011913684261341889
763	0.0011726099097053519
764	7.700984236784279E-4
765	0.00114110792192126
766	0.0015176337955985217
767	0.0012130545337335206
768	0.0012658641544170677
769	0.0029778110687097067
770	6.63544719433412E-4
771	0.0011528536334478605
772	0.0015627938775345683
773	0.0017225792206164137
774	5.921060747214748E-4
775	1.5000000000000001E-4
776	6.46019405060603E-4
777	4.593464722041972E-4
778	8.412779722673197E-4
779	2.78142730682157E-4
780	0.0011407022351399064
781	3.564660340693081E-4
782	0.0020073931437761833
783	9.649728181403286E-4
784	5.230130207259208E-4
785	0.002902763376338407
786	8.477567565627396E-4
787	2.7750000605592504E-4
788	0.0026270785581495146
789	0.0015846555690281093
790	4.669010263566937E-4
791	0.001638537982731941
792	5.592403101822128E-4
793	6.32795290008653E-4
794	6.684335430385544E-4
795	7.514045153278858E-4
796	3.9385999616545935E-4
797	4.5115417921479095E-4
798	8.250525790266692E-4
799	0.0027604222721187397
800	3.38221601274563E-4
801	0.001753937738885482
802	0.0010568950479559135
803	0.0012122544737998395
804	0.0015928635677177226
805	0.001893281304516131
806	0.001001823233339625
807	2.1570019395439886E-4
808	0.001487260676276249
809	0.0011307963200728407
810	3.276610253727995E-4
811	1.5000000000000001E-4
812	8.48428350733593E-4
813	0.001899238923851711
814	0.0012330280943385634
815	0.0010980863158387365
816	0.0010873737790156157
817	3.345949028696244E-4
818	1.925000020186417E-4
819	9.008455237257294E-4
820	3.3534820337663407E-4
821	1.5000000000000001E-4
822	0.0014291392902727239
823	2.8906987393662953E-4
824	0.0017061269363388418
825	0.0012913585433426003
826	0.002211539671558421
827	0.0019831935551638405
828	2.2437500353262294E-4
829	0.0011413803602103143
830	0.002353634999144318
831	6.182308706833283E-4
832	0.002764322291143859
833	3.3878037662943825E-4
834	0.0010858292130248933
835	9.124996665981599E-4
836	2.480695647740504E-4
837	0.0012326774955300304
838	0.0014247649976518004
839	4.2685299573931844E-4
840	0.0020297085761131406
841	0.0013710833781864493
842	9.65564837588075E-4
843	0.0021853158669119387
844	7.959046795498581E-4
845	1.5000000000000001E-4
846	5.428652236936614E-4
847	7.061716719967081E-4
848	2.1375000302796253E-4
849	6.064068192848936E-4
850	6.456005286658182E-4
851	0.0013433643397545287
852	0.0010950891833694187
853	8.071574236052886E-4
854	1.5000000000000001E-4
855	3.841027724469314E-4
856	1.5000000000000001E-4
857	0.0013192065866251745
858	9.605299593201683E-4
859	0.001495119919157393
860	0.0010862775774206966
861	8.348400638167124E-4
862	0.0010441842475906015
863	0.0015960083690210011
864	0.0013471273294572408
865	3.986662764567882E-4
866	9.197120185184759E-4
867	0.001210598018739256
868	7.851740384464696E-4
869	8.787380865212374E-4
870	9.489584009919781E-4
871	4.947868130024289E-4
872	0.0018415815038373693
873	0.0024624843290133864
874	0.0019172152516752248
875	1.5000000000000001E-4
876	8.595022990445917E-4
877	0.0015015107197842248
878	7.151189858326688E-4
879	6.502108324940006E-4
880	9.424839675373125E-4
881	1.5000000000000001E-4
882	8.026048135128803E-4
883	6.236780882619011E-4
884	1.5000000000000001E-4
885	4.918169482756639E-4
886	0.0011339496148439743
887	7.967694980528905E-4
888	9.696829614462331E-4
889	0.0019985069973394273
890	1.5000000000000001E-4
891	6.604617946926736E-4
892	0.0010204046815788994
893	1.5000000000000001E-4
894	0.0014353815314883831
895	6.214569309726357E-4
896	0.0019398198391776531
897	3.67102203896502E-4
898	2.6439515413561216E-4
899	0.0012544399660022463
900	0.0010214996874914504
901	0.0021252267175742114
902	7.445804241491714E-4
903	4.4077418948872945E-4
904	0.0018402470460384696
905	4.084958925581304E-4
906	5.527642244182061E-4
907	6.131565843737917E-4
908	4.643112175166607E-4
909	0.0010387240424276872
910	5.755012007585416E-4
911	0.002278944028299884
912	9.09173059729316E-4
913	0.001238448823429644
914	1.5000000000000001E-4
915	0.002788083666291398
916	8.376266263134312E-4
917	1.5000000000000001E-4
918	9.90488634518503E-4
919	0.002433415109559428
920	4.333943307147516E-4
921	1.5000000000000001E-4
922	9.039900858925345E-4
923	0.0015342896200609781
924	2.2791412026563194E-4
925	3.3005745732807556E-4
926	0.001182262307126075
927	1.5000000000000001E-4
928	6.975897793076002E-4
929	0.0014321879648981847
930	8.02107351925224E-4
931	0.001154143749984602
932	0.0011325636994113058
933	9.742009256112701E-4
934	5.560745864990167E-4
935	0.0016118660177802666
936	6.34003679594025E-4
937	3.756070554722101E-4
938	3.1177816214622003E-4
939	5.927570413099602E-4
940	0.001159123132098466
941	3.1181870402457817E-4
942	0.0011725555814031394
943	0.0017816792272846215
944	0.0029871829703852805
945	7.995126923255158E-4
946	0.0014206173940387089
947	7.663196056149899E-4
948	6.624379422341007E-4
949	0.0011187973444670206
950	0.0011020460963055182
951	4.243474062299356E-4
952	0.0016469660240846376
953	0.001229078450372132
954	0.001090657768054128
955	0.0022111120213288813
956	0.001203541008635269
957	9.673590249498374E-4
958	2.993833765077094E-4
959	3.083071951851404E-4
960	0.001960652118244131
961	8.605434209127754E-4
962	1.5000000000000001E-4
963	6.869672959204764E-4
964	0.001343359825022829
965	5.855305597224894E-4
966	1.925000020186417E-4
967	0.0017913662087870761
968	0.0016372675619699293
969	0.0023055365916962427
970	0.001042454791998413
971	7.650864849890545E-4
972	0.001470005151137593
973	0.002312830794259207
974	9.647584776452276E-4
975	6.921272260718978E-4
976	0.0011598783250820512
977	0.0013430542374708843
978	5.545357989525656E-4
979	8.636703818105161E-4
980	9.091169203806202E-4
981	5.478634089435218E-4
982	0.0021186388540624947
983	8.963631744030862E-4
984	0.0010672852432432895
985	1.954218745289836E-4
986	6.930174074717798E-4
987	4.4710707167396323E-4
988	7.923368293326347E-4
989	0.0010271078995778226
990	0.0022072068320082806
991	0.0017633194585563615
992	4.7873528743948556E-4
993	0.0032377997191661654
994	0.001215164484316483
995	0.0015001409976015566
996	0.0011482379531720652
997	4.2140845195390287E-4
998	3.531428637565114E-4
999	1.5000000000000001E-4
