7	7.2
3.14	1.76
7.98	7
2.16	2.36
7.82	7.96
1.78	1.98
7.12	7.4
2.8	3.14
7.56	7.64
2.92	3.24
7.16	7.6
2.86	1.74
7.5	7.44
2.72	3.24
7.94	7.54
2.4	3.44
8.24	7.04
1.7	2.7
7.54	7.36
1.54	1.86
6.8	6.84
2.36	2.44
7.74	6.64
2.06	1.8
7.78	8.5
1.52	3.46
7.6	7.88
1.7	1.58
6.82	7.94
3.34	3.26
6.96	7.24
3.2	1.7
7.78	8.4
2.92	1.82
7.26	7.98
2.2	2.58
8.32	8.06
1.5	2.54
8.2	7.08
2.86	2.48
7.08	7.88
2.44	3.18
7.24	7.64
3.28	2.58
7.08	8.12
2.32	2.54
6.84	7.02
2.74	3.14
6.92	7.16
3.46	2.68
6.62	7.14
1.74	3.44
6.68	6.76
2.48	3.4
7.36	6.82
2.38	2.94
8.2	8.32
2.62	1.94
7.46	7.4
3.02	3.04
7	6.84
2.08	2.36
7.38	8.34
2	2.8
6.98	6.94
1.98	2.1
7.6	7.22
2.02	2.8
7.5	8.02
2.68	3.38
8.34	6.54
2.8	3.04
8.38	6.92
3.5	2.32
7.82	8
1.86	3.34
8.36	7.44
2.2	2.22
7.26	7.7
1.5	2.74
8.16	6.98
3.34	2.24
7.72	6.86
1.54	1.72
8.38	7.72
1.58	3.22
7.78	7.9
2.74	2.66
8.32	7.72
3.5	2.64
7.22	6.84
2.48	2.06
7.8	8.18
2.78	1.56
7.38	7.8
2.8	2.02
8.3	7.64
2.78	2.52
8.02	7.82
2.74	2.9
