0,2,0,0,0,3,0,1,0,0,3,0,0,1,0,3,3,0,0,0	60	0	1	6	3	7	8
0,2,0,0,0,3,0,1,0,2,3,0,2,1,0,1,3,0,0,0	1	7	1	2	3	8	6
0,2,0,0,1,1,0,1,0,0,3,0,0,1,0,2,1,0,0,0	91	0	1	7	3	9	6
0,2,0,0,1,1,0,1,0,0,3,0,1,3,2,0,1,0,0,0	27	9	1	6	3	5
0,2,0,0,1,1,0,1,0,2,3,0,1,1,0,2,1,0,0,0	70	7	1	6	3	9
0,2,0,1,0,3,0,1,0,0,3,1,0,2,1,0,3,0,3,0	81	0	5	8	3	6
0,2,0,1,0,3,0,1,0,0,3,1,0,2,1,1,3,0,3,0	56	0	6	2	3	8
0,2,0,2,2,1,0,0,0,2,3,4,1,0,0,2,1,0,1,0	86	9	7	6	3	4
0,2,0,2,2,1,0,0,0,4,3,4,1,0,2,2,1,0,1,0	73	4	6	9	3
0,2,0,4,3,3,0,1,0,0,3,2,3,1,0,0,3,0,2,0	6	7	5	2	3	6
0,2,0,5,5,3,0,1,0,0,3,2,4,3,6,0,3,0,4,0	10	3	6	5
0,2,0,5,5,3,0,1,0,6,3,5,4,3,6,3,3,0,4,0	69	6	3
0,2,1,0,1,1,0,0,0,0,3,0,1,0,2,0,1,2,0,0	36	9	1	2	6	4	5
0,2,1,4,2,1,0,0,0,0,3,2,3,0,0,0,1,2,1,0	97	5	7	2	6	4
0,2,1,5,6,3,0,2,0,0,3,2,4,4,5,0,3,2,5,0	49	6	5	2
0,2,1,5,6,3,0,2,0,0,3,2,4,4,5,0,3,2,5,0	88	6	5	2
0,2,2,0,0,1,0,0,0,2,3,0,1,0,0,2,1,0,0,0	54	8	1	7	9	4	6
0,2,2,0,0,1,0,3,0,4,3,0,1,4,1,2,1,0,0,0	11	6	1	8	9
0,2,2,0,0,3,0,3,0,2,3,0,2,1,0,3,3,0,0,0	83	6	1	7	8
0,2,2,0,1,1,0,0,0,2,3,0,3,0,0,3,1,4,0,0	34	7	1	4	6
0,2,2,0,1,1,0,3,0,0,3,0,0,1,0,2,1,2,0,0	98	0	1	7	9	6
0,2,2,0,1,3,0,3,0,6,3,0,4,4,4,3,3,8,0,0	26	6	1
0,2,3,1,2,1,0,0,0,0,3,4,0,0,0,2,1,2,1,0	37	0	9	7	6	4
0,2,3,1,2,1,0,0,0,0,3,5,0,0,0,3,1,2,1,0	80	0	7	6	4
0,2,3,1,4,1,0,4,0,0,3,4,0,2,2,2,1,2,3,0	77	0	9	6
0,2,3,1,4,3,0,4,0,0,3,2,0,2,3,0,3,2,3,0	96	0	5	6
0,2,5,3,0,3,0,6,0,0,3,1,2,4,1,0,3,0,5,0	66	5	6	8
0,2,6,4,2,1,0,0,0,2,3,5,3,0,0,3,1,4,1,0	38	6	7	4
0,2,6,4,3,3,0,7,0,0,3,2,3,1,0,0,3,2,2,0	63	7	5	6
0,2,6,4,3,3,0,7,0,2,3,5,3,1,0,3,3,4,2,0	45	6	7
0,7,1,3,0,1,0,0,5,2,8,1,2,0,1,1,1,0,1,5	72	6	4	2	8
0,7,5,3,0,3,0,6,5,6,8,1,2,4,1,3,3,0,5,5	8	6	8
0,7,7,5,2,1,0,0,5,4,8,5,4,0,7,3,1,6,1,5	90	6	4
0,7,7,5,6,3,0,8,5,6,8,5,4,4,9,3,3,8,5,5	58	6
1,2,0,0,0,1,1,0,0,2,3,0,1,0,1,1,1,0,0,0	93	8	1	2	3	4	9
1,2,0,0,1,1,1,1,0,4,3,0,1,3,2,2,1,0,0,0	33	9	1	3
1,2,0,1,0,1,1,0,0,0,3,1,0,0,1,1,1,0,1,0	40	0	9	2	3	4	8
1,2,0,1,2,1,1,0,0,0,3,2,0,0,2,0,1,0,1,0	87	0	9	2	3	4	5
1,2,0,2,5,1,1,1,0,0,3,2,1,3,2,0,1,0,4,0	50	9	5	2	3
1,2,1,0,1,1,5,2,0,2,3,0,1,5,2,1,1,4,0,0	62	9	1	2
1,2,1,1,2,1,2,0,0,0,3,2,0,0,0,0,1,2,1,0	24	0	9	2	7	4	5
1,2,1,1,2,1,2,0,0,0,3,2,0,0,0,0,1,2,1,0	23	0	9	2	7	4	5
1,2,1,2,2,1,3,0,0,0,3,2,1,0,0,0,1,2,1,0	55	7	5	2	9	4
1,2,1,2,2,1,4,0,0,2,3,3,1,0,2,1,1,4,1,0	22	4	9	2
1,2,1,2,7,1,8,2,0,2,3,3,1,5,2,1,1,4,6,0	59	9	2
1,2,2,0,0,1,4,0,0,0,3,0,1,0,1,0,1,0,0,0	9	8	1	9	5	4
1,2,2,0,0,1,4,0,0,0,3,0,1,0,1,0,1,0,0,0	5	5	1	9	8	4
1,2,3,1,0,1,2,0,0,0,3,1,0,0,0,0,1,0,1,0	32	0	7	8	9	4	5
1,2,3,1,2,1,2,0,0,0,3,2,0,0,2,0,1,2,1,0	13	0	5	4	9
1,2,3,1,3,1,2,4,0,0,3,4,0,1,0,2,1,2,2,0	47	0	9	7
1,2,4,2,0,1,3,0,0,0,3,1,1,0,0,0,1,0,1,0	20	9	7	8	5	4
1,2,4,2,0,1,3,5,0,2,3,1,1,1,0,2,1,0,2,0	95	8	7	9
1,2,4,2,0,1,6,5,0,0,3,1,1,5,1,0,1,0,6,0	44	8	9	5
1,2,4,2,2,1,3,0,0,2,3,4,1,0,0,2,1,4,1,0	2	4	7	9
1,2,4,2,7,1,9,5,0,4,3,4,1,5,2,2,1,6,6,0	48	9
2,2,0,0,1,3,1,1,0,2,3,0,7,3,4,1,3,0,0,0	74	3	1	2
2,2,0,1,4,5,1,1,0,0,3,2,0,2,3,0,5,0,3,0	17	0	5	2	3
2,2,0,3,0,5,1,1,0,0,3,1,2,3,1,0,5,0,4,0	18	8	5	2	3
2,2,0,4,2,1,1,0,0,2,3,3,3,0,0,1,1,0,1,0	89	7	4	2	3
2,2,0,7,2,1,1,0,0,2,3,3,6,0,5,1,1,0,1,0	94	4	3	2
2,2,1,0,0,3,5,2,0,0,3,0,2,6,1,0,3,0,0,0	41	5	1	2	8
2,2,1,0,1,3,5,2,0,2,3,0,8,6,4,1,3,4,0,0	7	2	1
2,2,1,1,2,1,2,0,0,0,3,2,0,0,3,0,1,2,1,0	76	0	5	2	4
2,2,1,1,2,1,2,0,0,0,3,2,0,0,3,0,1,2,1,0	39	0	4	2	5
2,2,1,4,3,9,3,2,0,2,3,3,3,1,0,1,9,4,2,0	52	2	7
2,7,1,1,0,5,2,2,5,0,8,1,0,2,1,1,5,0,3,5	79	0	8	2
2,7,1,1,4,7,2,2,5,0,8,3,0,2,3,1,7,2,3,5	16	0	2
2,7,1,9,8,9,8,2,5,2,8,3,8,6,5,1,9,4,7,5	0	2
2,7,1,9,8,9,8,2,5,2,8,3,8,6,5,1,9,4,7,5	19	2
2,7,1,9,8,9,8,2,5,2,8,3,8,6,5,1,9,4,7,5	68	2
3,2,0,0,0,1,1,0,0,0,3,0,2,0,0,0,1,0,0,0	3	8	1	7	3	4	5
3,2,0,0,0,3,1,1,0,0,3,0,2,1,0,0,3,0,0,0	29	8	1	5	3	7
3,2,2,0,0,3,5,3,0,0,3,0,2,7,1,0,3,0,0,0	28	5	1	8
3,2,2,0,1,3,3,3,0,0,3,0,3,1,0,0,3,2,0,0	30	7	1	5
3,2,5,3,0,1,4,0,0,0,3,1,2,0,1,0,1,0,1,0	43	5	8	4
3,2,8,6,9,7,7,9,0,0,3,2,5,7,8,0,7,2,8,0	84	5
3,2,8,6,9,7,7,9,0,0,3,2,5,7,8,0,7,2,8,0	31	5
4,2,0,1,0,5,1,1,0,0,3,1,0,2,1,4,5,0,3,0	46	0	3	8
4,2,0,3,0,1,1,0,0,2,3,1,2,0,0,4,1,0,1,0	67	8	7	4	3
4,2,0,3,0,1,1,0,0,4,3,1,2,0,1,4,1,0,1,0	78	3	8	4
4,2,0,3,0,5,1,1,0,8,3,1,2,3,1,4,5,0,4,0	65	3	8
4,2,5,3,0,5,3,6,0,2,3,1,2,1,0,6,5,0,2,0	15	7	8
4,7,3,1,0,5,2,4,5,0,8,1,0,2,1,5,5,0,3,5	99	0	8
4,7,5,3,0,5,6,6,5,8,8,1,2,8,1,9,5,0,9,5	85	8
4,7,5,3,0,5,6,6,5,8,8,1,2,8,1,9,5,0,9,5	21	8
5,2,2,0,1,3,5,3,0,6,3,0,9,9,4,8,3,8,0,0	25	1
5,2,2,0,1,3,5,3,0,6,3,0,9,9,4,8,3,8,0,0	92	1
5,2,2,0,1,3,5,3,0,6,3,0,9,9,4,8,3,8,0,0	71	1
6,2,0,7,2,1,1,0,0,4,3,6,6,0,6,4,1,0,1,0	82	4	3
6,2,0,7,2,1,1,0,0,4,3,6,6,0,6,4,1,0,1,0	14	3	4
6,2,6,4,2,1,3,0,0,2,3,8,3,0,0,6,1,4,1,0	75	7	4
6,2,6,4,2,1,3,0,0,2,3,8,3,0,0,6,1,4,1,0	51	7	4
6,7,9,7,2,1,4,0,5,4,8,9,6,0,7,7,1,6,1,5	64	4
6,7,9,7,2,1,4,0,5,4,8,9,6,0,7,7,1,6,1,5	4	4
6,7,9,7,2,1,4,0,5,4,8,9,6,0,7,7,1,6,1,5	53	4
7,2,0,4,3,5,1,1,0,2,3,6,3,1,0,4,5,0,2,0	12	7	3
7,2,6,4,3,9,3,7,0,2,3,8,3,1,0,6,9,4,2,0	61	7
7,2,6,4,3,9,3,7,0,2,3,8,3,1,0,6,9,4,2,0	35	7
9,2,0,8,5,5,1,1,0,8,3,6,7,3,6,4,5,0,4,0	57	3
9,2,0,8,5,5,1,1,0,8,3,6,7,3,6,4,5,0,4,0	42	3
