0 0	-83
0 1	26
0 2	14
0 3	11
0 4	50
0 5	65
0 6	105
0 7	-87
0 8	-152
0 9	56
1 0	-119
1 1	-48
1 2	-100
1 3	126
1 4	-79
1 5	81
1 6	-47
1 7	-158
1 8	116
1 9	-69
2 0	123
2 1	26
2 2	79
2 3	-18
2 4	-137
2 5	-81
2 6	85
2 7	-41
2 8	80
2 9	-103
3 0	67
3 1	-5
3 2	42
3 3	24
3 4	-11
3 5	153
3 6	84
3 7	88
3 8	-10
3 9	-62
4 0	-26
4 1	-133
4 2	-118
4 3	42
4 4	-23
4 5	66
4 6	30
4 7	-32
4 8	-66
4 9	-193
5 0	-15
5 1	-58
5 2	-156
5 3	-118
5 4	94
5 5	-146
5 6	-87
5 7	87
5 8	33
5 9	-123
6 0	-131
6 1	16
6 2	3
6 3	-75
6 4	2
6 5	-3
6 6	-5
6 7	60
6 8	-224
6 9	70
7 0	-199
7 1	34
7 2	-89
7 3	-62
7 4	-103
7 5	-66
7 6	-112
7 7	-55
7 8	89
7 9	57
8 0	-26
8 1	-1
8 2	-93
8 3	-114
8 4	51
8 5	18
8 6	-116
8 7	148
8 8	49
8 9	138
9 0	72
9 1	73
9 2	165
9 3	-93
9 4	-80
9 5	65
9 6	72
9 7	113
9 8	-21
9 9	36
